Date,Open,High,Low,Last,Close,Total Trade Quantity,Turnover (Lacs)
2018-03-13,73.4,75.8,73.25,75.3,74.9,2227706.0,1663.16
2018-03-12,75.85,76.35,73.0,73.4,73.25,2186261.0,1628.48
2018-03-09,77.0,78.4,75.15,75.4,75.4,1958962.0,1501.05
2018-03-08,77.3,77.75,75.15,76.35,76.45,1917716.0,1463.49
2018-03-07,80.5,81.15,76.3,76.8,76.7,2448248.0,1921.27
2018-03-06,82.9,83.8,79.8,79.9,80.6,1520000.0,1248.88
2018-03-05,82.8,83.3,81.2,82.15,82.35,2184821.0,1797.84
2018-03-01,82.5,83.35,81.65,82.0,81.85,1173567.0,966.58
2018-02-28,83.5,83.8,82.6,82.75,82.7,1753354.0,1457.33
2018-02-27,85.3,86.5,84.1,84.3,84.5,2319511.0,1977.59
2018-02-26,82.9,85.15,82.9,84.95,84.4,3019991.0,2531.68
2018-02-23,81.8,82.65,81.8,82.4,82.25,1330462.0,1094.68
2018-02-22,81.0,82.65,80.4,81.4,81.6,1431030.0,1167.15
2018-02-21,81.75,82.4,81.2,81.3,81.4,1265696.0,1034.35
2018-02-20,81.55,82.8,80.6,81.5,81.45,1635452.0,1337.46
2018-02-19,82.9,83.3,80.2,81.15,81.15,1870247.0,1524.78
2018-02-16,85.3,85.85,82.4,82.85,82.9,2298554.0,1922.67
2018-02-15,87.0,87.7,84.4,85.0,85.05,1664789.0,1434.82
2018-02-14,87.4,88.4,86.3,86.65,86.7,2278528.0,1988.76
2018-02-12,87.0,88.2,85.5,86.55,86.75,2734858.0,2386.81
2018-02-09,84.0,88.85,83.0,86.85,87.15,3449902.0,2989.34
2018-02-08,83.8,87.2,83.45,87.05,86.75,3436870.0,2948.32
2018-02-07,82.0,84.35,81.8,83.35,83.15,4410621.0,3664.15
2018-02-06,80.0,81.7,76.85,79.85,80.0,5184009.0,4153.66
2018-02-05,85.85,86.6,82.2,85.0,84.95,3985497.0,3374.61
2018-02-02,92.45,92.45,86.65,87.05,87.2,5654788.0,5026.4
2018-02-01,99.0,100.7,92.4,93.3,93.15,12394604.0,12018.64
2018-01-31,93.75,98.75,93.25,98.65,97.75,4938945.0,4742.34
2018-01-30,95.65,95.65,93.3,94.0,93.95,2328039.0,2192.48
2018-01-29,95.95,97.3,95.45,95.9,95.7,2898457.0,2787.93
2018-01-25,96.2,97.5,94.75,95.2,95.25,3678637.0,3522.78
2018-01-24,97.2,97.4,94.8,96.0,95.75,3270553.0,3138.8
2018-01-23,98.95,100.9,96.8,97.15,97.2,5148537.0,5090.12
2018-01-22,101.35,101.65,98.1,98.55,98.7,4827506.0,4795.14
2018-01-19,102.25,103.5,98.8,101.0,101.25,4985495.0,5047.58
2018-01-18,105.5,107.2,100.75,101.95,101.95,4770183.0,4970.73
2018-01-17,106.4,106.4,101.25,104.6,104.95,6096590.0,6365.42
2018-01-16,110.7,110.95,105.75,106.6,106.65,7979616.0,8603.96
2018-01-15,107.4,111.4,106.3,109.7,110.35,10278591.0,11214.6
2018-01-12,108.25,109.5,104.1,106.5,106.15,6026330.0,6448.51
2018-01-11,104.5,107.5,103.35,106.8,106.7,5497212.0,5842.86
2018-01-10,106.6,107.75,103.5,104.4,104.3,5244870.0,5521.1
2018-01-09,110.4,110.5,106.0,106.95,107.1,6033644.0,6486.17
2018-01-08,104.05,111.3,104.05,109.6,110.25,18124827.0,19668.44
2018-01-05,104.55,104.85,101.6,103.3,103.45,5272376.0,5435.81
2018-01-04,101.85,106.4,101.85,103.8,103.7,17250570.0,17997.15
2018-01-03,97.1,102.45,97.1,100.6,100.95,20607582.0,20768.53
2018-01-02,97.55,98.7,95.05,95.85,95.65,3955901.0,3807.79
2018-01-01,96.8,99.75,96.5,97.05,96.95,7406873.0,7272.1
2017-12-29,96.85,98.3,95.65,96.25,96.4,6735012.0,6533.95
2017-12-28,93.85,97.9,93.15,96.15,95.95,12724839.0,12249.96
2017-12-27,94.25,95.25,93.0,93.35,93.6,2911457.0,2745.87
2017-12-26,94.5,95.65,93.6,93.95,93.9,3640723.0,3436.72
2017-12-22,94.8,94.8,93.55,93.9,94.15,2919609.0,2750.04
2017-12-21,93.45,94.9,93.0,94.25,94.2,3939917.0,3701.26
2017-12-20,93.0,94.3,92.1,92.9,92.95,3943113.0,3679.12
2017-12-19,91.95,93.3,91.4,92.75,92.7,3929898.0,3637.03
2017-12-18,89.0,93.8,86.1,91.3,91.05,6663269.0,6069.97
2017-12-15,89.55,91.4,89.15,89.75,89.95,2679602.0,2415.54
2017-12-14,88.9,88.95,87.0,88.25,88.2,2689898.0,2363.49
2017-12-13,90.3,90.85,87.8,88.4,88.2,2773502.0,2478.44
2017-12-12,92.8,92.85,89.55,89.9,89.9,3198224.0,2906.69
2017-12-11,94.5,95.45,92.25,92.7,92.6,10419269.0,9782.71
2017-12-08,89.25,92.25,88.5,91.5,91.5,5918236.0,5352.56
2017-12-07,88.8,89.7,88.1,88.5,88.6,2535572.0,2252.33
2017-12-06,89.3,91.4,87.8,88.5,88.25,3230402.0,2892.88
2017-12-05,88.65,89.5,87.5,88.45,88.45,2261423.0,1996.88
2017-12-04,92.1,92.5,88.35,88.75,88.8,2209118.0,1988.98
2017-12-01,92.65,93.8,91.25,91.4,91.45,2525023.0,2334.13
2017-11-30,92.95,94.2,91.6,92.2,92.0,2940713.0,2725.88
2017-11-29,95.15,96.0,92.55,92.9,93.0,2558867.0,2417.88
2017-11-28,96.65,98.25,94.65,95.0,95.15,5292801.0,5110.07
2017-11-27,92.85,98.45,91.8,96.85,96.85,7475299.0,7170.66
2017-11-24,93.4,95.3,93.0,93.2,93.3,2652622.0,2495.64
2017-11-23,92.5,94.25,92.5,93.15,93.4,3056456.0,2851.35
2017-11-22,93.1,93.1,91.2,91.4,91.4,1525424.0,1401.33
2017-11-21,92.95,94.6,91.7,92.4,92.55,3648906.0,3403.67
2017-11-20,91.2,93.4,90.0,92.15,92.5,2078662.0,1903.59
2017-11-17,92.6,93.25,90.7,90.8,91.15,3101707.0,2853.37
2017-11-16,87.0,93.2,86.55,91.45,91.25,4190058.0,3764.88
2017-11-15,88.85,88.9,86.15,86.5,86.55,1922495.0,1684.11
2017-11-14,89.4,90.25,88.15,88.7,88.85,2104427.0,1873.46
2017-11-13,90.55,91.8,88.5,88.85,88.75,3010325.0,2692.04
2017-11-10,93.65,94.5,91.9,92.3,92.4,2167628.0,2013.87
2017-11-09,94.0,94.85,91.55,93.55,93.6,3093138.0,2883.14
2017-11-08,96.7,97.45,93.1,93.65,93.55,4100297.0,3913.26
2017-11-07,101.0,102.35,95.6,96.45,96.65,10442471.0,10347.63
2017-11-06,93.0,98.65,92.8,97.75,97.7,7426856.0,7155.9
2017-11-03,95.9,96.3,93.55,94.1,94.1,3922613.0,3720.9
2017-11-02,97.25,100.8,95.0,95.25,95.4,13513291.0,13209.38
2017-11-01,90.7,98.3,90.25,97.5,97.35,18988488.0,18022.38
2017-10-31,90.75,90.95,89.25,90.2,90.3,2347014.0,2117.03
2017-10-30,90.5,91.85,89.95,90.6,90.2,3159387.0,2861.37
2017-10-27,91.55,92.5,89.15,89.9,89.95,3431686.0,3117.93
2017-10-26,92.1,94.0,90.3,90.8,90.95,8445148.0,7805.54
2017-10-25,88.65,91.5,87.05,91.1,91.05,5329121.0,4775.37
2017-10-24,87.45,89.75,87.0,88.05,88.05,6550818.0,5798.66
2017-10-23,87.75,88.4,86.25,86.8,87.0,2845768.0,2485.1
2017-10-19,86.9,87.8,86.7,87.4,87.35,769357.0,672.31
2017-10-18,87.75,88.7,86.65,87.0,86.9,2632642.0,2301.24
2017-10-17,88.3,89.8,87.55,87.75,87.95,2452756.0,2167.32
2017-10-16,90.05,90.35,87.4,88.0,88.05,2630476.0,2335.07
2017-10-13,91.1,92.4,89.35,89.8,89.75,3600595.0,3271.95
2017-10-12,92.75,93.25,90.25,90.85,90.95,4228337.0,3867.52
2017-10-11,94.8,95.7,90.0,90.65,90.75,5856472.0,5448.55
2017-10-10,90.4,93.9,89.2,93.75,92.9,5770558.0,5293.81
2017-10-09,93.5,93.8,89.5,89.9,90.1,4688140.0,4278.77
2017-10-06,89.0,93.55,88.7,93.45,92.25,5359197.0,4875.78
2017-10-05,88.4,89.45,88.0,88.35,88.3,1807040.0,1602.02
2017-10-04,87.8,90.4,86.35,87.95,88.0,3485000.0,3089.73
2017-10-03,89.3,89.8,86.55,87.25,87.35,2334583.0,2061.43
2017-09-29,88.7,90.35,88.0,88.4,88.3,2011416.0,1794.51
2017-09-28,88.35,89.45,87.5,88.4,88.1,2005351.0,1771.06
2017-09-27,93.5,94.2,86.6,87.95,87.7,3988253.0,3630.75
2017-09-26,88.2,90.9,88.15,89.4,89.8,2058837.0,1840.88
2017-09-25,91.1,91.2,86.0,88.2,88.05,2359704.0,2072.26
2017-09-22,93.75,93.75,90.6,91.1,91.1,2786595.0,2572.17
2017-09-21,95.1,95.7,93.2,94.3,94.25,2442332.0,2307.43
2017-09-20,96.15,97.1,94.7,95.0,94.95,2067393.0,1981.42
2017-09-19,96.6,98.35,95.45,95.85,95.95,5609548.0,5421.63
2017-09-18,97.0,98.15,95.2,96.0,96.1,3609551.0,3486.81
2017-09-15,96.0,96.8,95.0,95.75,95.85,2806217.0,2688.77
2017-09-14,98.25,99.3,96.1,96.9,96.7,2552162.0,2492.14
2017-09-13,99.45,100.8,96.85,97.55,97.4,3010439.0,2982.39
2017-09-12,100.9,101.6,99.65,99.8,100.1,2227286.0,2236.61
2017-09-11,100.7,102.35,99.55,100.25,100.2,2705393.0,2723.6
2017-09-08,103.25,103.4,98.5,99.15,99.45,3971227.0,3998.08
2017-09-07,102.45,104.7,101.75,102.1,102.55,5969085.0,6156.94
2017-09-06,98.2,103.4,97.85,101.5,101.5,13658143.0,13822.82
2017-09-05,93.9,98.2,93.55,97.85,97.7,6995994.0,6731.14
2017-09-04,95.0,95.8,92.6,93.1,93.55,3111719.0,2923.93
2017-09-01,96.1,96.9,94.9,95.05,95.3,2312899.0,2214.08
2017-08-31,96.15,97.15,95.3,95.8,95.65,2223729.0,2133.9
2017-08-30,96.05,97.5,95.75,96.0,95.9,2810319.0,2713.53
2017-08-29,98.0,98.9,94.55,94.9,95.1,4609916.0,4459.82
2017-08-28,98.0,100.35,97.2,97.6,97.5,3903929.0,3852.76
2017-08-24,97.6,99.8,97.35,97.65,97.85,6034765.0,5942.17
2017-08-23,93.55,96.95,93.55,96.4,95.9,4610245.0,4403.28
2017-08-22,94.55,95.9,92.35,93.3,92.9,2911199.0,2729.27
2017-08-21,97.7,98.7,93.9,94.5,94.25,2970554.0,2864.25
2017-08-18,97.25,100.3,96.1,97.25,97.25,6082315.0,5971.55
2017-08-17,94.5,100.8,94.3,98.25,98.35,7634723.0,7497.99
2017-08-16,94.0,96.15,92.5,93.8,93.95,4542031.0,4295.58
2017-08-14,94.5,96.8,93.9,94.1,94.55,3480443.0,3316.97
2017-08-11,90.5,96.25,90.2,92.2,92.85,5537321.0,5169.27
2017-08-10,97.35,99.4,92.0,94.95,94.55,6392943.0,6194.7
2017-08-09,97.2,102.0,94.7,97.6,98.35,8338961.0,8234.27
2017-08-08,102.0,103.15,97.55,98.35,98.4,7877471.0,7848.54
2017-08-07,105.0,105.95,101.25,101.7,102.15,8242996.0,8547.45
2017-08-04,97.6,106.4,96.1,104.75,104.3,21596563.0,22272.19
2017-08-03,97.65,98.9,96.05,97.95,97.5,8751315.0,8527.42
2017-08-02,92.0,101.3,92.0,96.6,96.85,32673995.0,31967.69
2017-08-01,87.25,88.95,85.95,88.45,88.2,2401183.0,2102.15
2017-07-31,87.2,88.8,86.1,87.05,87.2,2726371.0,2384.64
2017-07-28,85.0,87.7,83.2,87.2,87.1,3308910.0,2841.17
2017-07-27,87.85,87.95,84.3,85.0,84.9,2610432.0,2243.07
2017-07-26,85.5,89.2,84.6,87.05,87.35,8107222.0,7066.71
2017-07-25,83.2,85.7,82.25,85.0,85.05,5161339.0,4332.32
2017-07-24,79.65,83.3,78.8,82.3,82.75,6319557.0,5163.47
2017-07-21,79.5,80.0,78.15,79.05,79.1,1747677.0,1383.36
2017-07-20,78.5,79.7,77.5,78.65,78.7,2103446.0,1657.09
2017-07-19,78.8,79.25,78.0,78.1,78.2,1865727.0,1464.33
2017-07-18,75.45,78.5,75.0,78.0,77.9,2591846.0,1998.91
2017-07-17,75.8,76.1,74.3,75.6,75.75,1672336.0,1262.64
2017-07-14,76.55,76.65,75.15,75.3,75.45,983048.0,744.33
2017-07-13,76.65,77.85,76.0,76.15,76.25,1244936.0,956.57
2017-07-12,76.9,78.0,76.0,76.25,76.4,1479412.0,1137.61
2017-07-11,78.5,78.65,76.45,76.6,76.6,1438990.0,1115.62
2017-07-10,77.0,81.0,77.0,77.95,77.9,334071.0,260.93
2017-07-07,77.95,78.6,76.9,77.0,77.2,1319579.0,1026.24
2017-07-06,78.4,80.2,77.65,77.95,78.2,3728924.0,2947.9
2017-07-05,76.85,79.2,76.55,77.9,78.0,3707365.0,2884.27
2017-07-04,76.45,77.95,76.2,76.7,76.75,3064046.0,2362.43
2017-07-03,76.2,76.9,75.75,76.3,76.4,7189418.0,5485.79
2017-06-30,74.95,77.0,74.75,75.65,75.9,6082185.0,4631.0
2017-06-29,75.8,76.9,74.9,75.0,75.15,7534846.0,5721.96
2017-06-28,77.8,80.5,76.55,80.3,80.0,1456096.0,1146.67
2017-06-27,80.3,80.3,77.3,78.0,77.8,996778.0,778.62
2017-06-23,82.3,82.9,79.2,80.0,79.85,1289662.0,1039.23
2017-06-22,84.3,84.4,81.5,82.25,81.95,944483.0,785.92
2017-06-21,84.05,85.2,83.35,83.9,83.95,987858.0,831.28
2017-06-20,85.75,86.25,83.6,84.0,84.05,1263753.0,1070.35
2017-06-19,85.9,86.3,84.35,84.65,84.65,727416.0,618.87
2017-06-16,85.7,86.9,85.05,85.05,85.45,885148.0,761.11
2017-06-15,86.0,86.5,85.0,85.5,85.6,1088032.0,933.31
2017-06-14,85.85,88.2,85.3,85.95,85.95,2589295.0,2248.09
2017-06-13,86.0,86.7,84.5,84.6,85.15,814806.0,699.68
2017-06-12,86.7,86.7,85.35,85.75,85.8,1245604.0,1071.37
2017-06-09,87.55,88.2,86.3,87.25,87.3,1523737.0,1330.93
2017-06-08,85.0,87.7,84.25,87.45,86.95,2864167.0,2470.95
2017-06-07,85.1,86.35,84.35,85.0,85.25,1484606.0,1268.1
2017-06-06,87.2,87.3,84.25,85.0,84.95,1449290.0,1235.99
2017-06-05,88.6,88.75,86.7,87.05,87.3,1175470.0,1028.77
2017-06-02,88.9,89.25,87.5,88.25,88.55,1685213.0,1490.22
2017-06-01,88.65,89.5,87.6,88.15,88.45,1398131.0,1237.95
2017-05-31,86.9,89.7,86.2,88.5,88.25,2523800.0,2231.79
2017-05-30,86.1,88.2,84.25,86.5,86.5,2290014.0,1981.33
2017-05-29,87.35,89.9,84.75,86.9,86.45,2709671.0,2377.78
2017-05-26,81.5,87.5,81.5,87.3,86.45,4488987.0,3797.89
2017-05-25,76.35,80.6,75.75,80.5,79.95,2812622.0,2209.91
2017-05-24,80.05,81.45,74.6,76.2,75.5,3007051.0,2355.05
2017-05-23,84.75,84.75,79.2,80.0,79.95,2969830.0,2400.12
2017-05-22,89.8,90.5,83.65,84.15,84.4,2095145.0,1821.41
2017-05-19,89.25,91.8,87.1,88.6,88.25,2785935.0,2489.86
2017-05-18,90.05,93.2,87.35,87.8,88.3,3179252.0,2890.04
2017-05-17,92.9,93.0,90.7,91.45,91.25,2303011.0,2117.12
2017-05-16,96.0,96.1,92.75,93.05,93.2,2195212.0,2071.04
2017-05-15,97.3,99.8,95.65,95.95,96.25,5198971.0,5080.28
2017-05-12,94.9,95.9,92.6,93.7,93.85,2570867.0,2412.99
2017-05-11,96.8,97.8,94.1,95.75,95.9,3706853.0,3563.76
2017-05-10,92.25,99.6,92.25,97.0,96.8,14338886.0,13893.36
2017-05-09,91.35,92.1,89.0,90.9,90.7,3689287.0,3350.85
2017-05-08,86.95,91.4,86.1,90.65,90.7,6798246.0,6086.58
2017-05-05,88.0,88.7,85.2,86.25,86.4,4081087.0,3549.93
2017-05-04,84.7,89.4,83.3,87.3,87.95,8207639.0,7163.86
2017-05-03,84.8,85.75,84.0,84.25,84.3,2113594.0,1790.53
2017-05-02,84.7,85.9,83.75,84.2,84.35,1887359.0,1602.54
2017-04-28,84.65,86.1,84.05,84.2,84.35,1737172.0,1474.65
2017-04-27,84.45,87.0,83.3,84.8,84.85,3728452.0,3172.88
2017-04-26,85.5,86.6,83.0,84.6,84.4,2443348.0,2082.45
2017-04-25,84.95,86.15,83.65,84.85,85.25,1956977.0,1664.54
2017-04-24,86.25,87.8,84.25,84.8,84.5,3493031.0,3006.0
2017-04-21,87.3,88.65,84.4,85.15,85.0,4725046.0,4098.52
2017-04-20,81.55,87.3,81.0,86.5,86.7,5177751.0,4416.0
2017-04-19,81.9,82.4,80.2,81.0,81.1,1224448.0,993.13
2017-04-18,84.95,85.4,79.95,81.35,81.4,1986316.0,1654.98
2017-04-17,84.25,85.4,83.25,84.25,84.5,2397244.0,2024.08
2017-04-13,84.5,85.15,83.15,83.4,83.55,1333709.0,1121.05
2017-04-12,85.0,86.15,83.0,84.75,84.95,3185368.0,2703.12
2017-04-11,84.65,85.5,83.65,84.05,84.15,1948390.0,1645.91
2017-04-10,83.65,86.0,83.5,84.75,84.35,3409311.0,2888.67
2017-04-07,80.25,84.4,79.6,83.0,82.8,5294626.0,4372.3
2017-04-06,81.65,81.85,79.4,80.65,81.0,2331157.0,1878.97
2017-04-05,79.7,82.3,79.2,81.7,81.8,3435257.0,2788.42
2017-04-03,82.0,82.55,78.6,80.3,79.95,6185475.0,4978.24
2017-03-31,76.0,85.4,75.9,81.6,81.75,25469426.0,20728.83
2017-03-30,72.0,75.25,71.5,75.25,74.6,4724949.0,3467.83
2017-03-29,71.6,72.0,71.0,71.45,71.35,2091416.0,1495.46
2017-03-28,69.9,71.9,69.15,70.8,70.9,2904695.0,2051.99
2017-03-27,68.85,70.1,67.85,69.4,69.55,1825443.0,1263.46
2017-03-24,70.2,71.2,68.4,68.6,68.75,3067035.0,2143.18
2017-03-23,68.2,70.2,67.3,69.55,69.7,3960835.0,2743.6
2017-03-22,66.1,69.2,65.6,67.8,67.85,4927247.0,3353.8
2017-03-21,68.1,68.65,65.5,66.6,66.6,4966488.0,3342.13
2017-03-20,62.55,67.2,61.2,67.0,66.8,5722274.0,3734.02
2017-03-17,63.6,64.1,62.2,62.55,62.55,1669640.0,1051.35
2017-03-16,64.0,65.2,63.05,63.1,63.3,3767779.0,2412.64
2017-03-15,60.0,64.25,59.0,63.4,63.65,9107406.0,5667.95
2017-03-14,55.25,61.35,54.9,60.4,60.65,10334794.0,6131.14
2017-03-10,54.0,55.55,53.7,54.0,54.15,2160189.0,1178.38
2017-03-09,54.0,54.6,53.35,53.5,53.55,826881.0,446.1
2017-03-08,55.25,55.8,53.8,53.9,54.0,911576.0,497.72
2017-03-07,55.3,56.2,55.05,55.2,55.25,671586.0,372.97
2017-03-06,56.15,56.6,55.2,55.35,55.4,810331.0,453.24
2017-03-03,57.2,57.2,55.45,56.0,56.05,953220.0,536.07
2017-03-02,58.6,59.25,56.95,57.25,57.15,759168.0,441.8
2017-03-01,59.3,59.7,58.5,58.5,58.6,535124.0,315.37
2017-02-28,58.2,59.7,58.0,59.1,59.35,1187376.0,699.37
2017-02-27,58.4,59.35,58.0,58.05,58.2,930369.0,546.05
2017-02-23,59.5,59.65,58.35,58.35,58.5,633944.0,372.84
2017-02-22,58.85,61.25,58.4,59.15,59.4,2134713.0,1278.52
2017-02-21,59.9,59.9,58.45,58.65,58.65,854657.0,504.07
2017-02-20,58.6,60.3,58.35,59.65,59.6,1050750.0,625.34
2017-02-17,57.5,59.15,57.25,58.6,58.6,1450663.0,847.6
2017-02-16,57.25,57.6,56.25,57.3,57.4,879799.0,501.72
2017-02-15,59.55,59.6,56.8,56.9,57.0,1371318.0,791.78
2017-02-14,61.25,61.4,59.1,59.2,59.3,1273084.0,763.64
2017-02-13,60.6,61.85,60.0,61.15,61.1,2817107.0,1720.14
2017-02-10,62.7,63.4,60.05,60.25,60.55,2004765.0,1240.4
2017-02-09,62.9,63.8,61.55,62.75,63.0,3081525.0,1939.85
2017-02-08,61.55,62.7,60.8,62.45,62.35,2521127.0,1561.48
2017-02-07,62.15,63.35,60.8,61.5,61.5,3158473.0,1963.28
2017-02-06,61.55,62.55,60.8,61.25,61.3,4749916.0,2925.46
2017-02-03,57.05,61.8,56.4,61.5,60.3,6861510.0,4068.0
2017-02-02,57.5,57.5,56.2,56.75,56.9,1751413.0,993.18
2017-02-01,58.25,59.45,56.55,56.8,57.05,5615227.0,3263.81
2017-01-31,58.0,58.3,56.45,57.9,57.95,2614536.0,1502.83
2017-01-30,57.15,59.2,57.1,57.95,57.8,4290852.0,2504.39
2017-01-27,57.75,58.1,57.05,57.2,57.2,1681505.0,969.12
2017-01-25,57.1,57.85,56.9,57.5,57.45,1372902.0,786.92
2017-01-24,57.0,57.35,56.4,56.85,56.85,1324075.0,752.93
2017-01-23,56.5,57.4,56.35,56.7,56.85,1019441.0,580.42
2017-01-20,58.3,58.8,56.1,56.4,56.3,1805723.0,1036.97
2017-01-19,58.3,59.15,57.85,58.1,58.15,2612297.0,1529.1
2017-01-18,57.85,59.1,57.6,58.0,58.25,3542084.0,2066.28
2017-01-17,59.25,59.4,57.3,57.5,57.8,4831087.0,2825.67
2017-01-16,57.4,59.45,57.3,58.95,59.0,5534494.0,3249.12
2017-01-13,55.2,57.7,54.2,56.8,56.95,5911974.0,3346.58
2017-01-12,56.25,56.45,54.75,54.9,54.9,1946533.0,1078.58
2017-01-11,57.15,57.3,56.0,56.25,56.25,2605853.0,1472.72
2017-01-10,57.6,58.15,56.25,56.7,56.9,4571514.0,2613.96
2017-01-09,54.9,58.25,54.1,57.25,57.3,12214350.0,6911.34
2017-01-06,52.8,55.0,51.2,54.9,54.55,8501625.0,4546.38
2017-01-05,51.15,53.35,51.15,52.5,52.55,9128022.0,4787.45
2017-01-04,48.0,51.2,47.8,50.75,50.7,5527778.0,2769.11
2017-01-03,48.2,48.35,47.35,47.8,47.75,597759.0,286.31
2017-01-02,47.1,48.3,46.65,48.1,47.95,986504.0,469.54
2016-12-30,47.2,47.4,46.65,46.8,46.75,678749.0,319.09
2016-12-29,45.6,46.95,45.45,46.75,46.7,1047804.0,486.86
2016-12-28,45.5,46.0,45.2,45.4,45.4,439862.0,200.76
2016-12-27,45.0,45.3,44.7,44.95,45.1,679166.0,305.78
2016-12-26,44.95,45.35,44.6,44.7,44.7,676376.0,303.88
2016-12-23,45.8,46.0,44.8,44.9,44.95,770609.0,348.89
2016-12-22,46.25,46.45,45.55,45.75,45.8,285070.0,130.9
2016-12-21,46.6,47.15,46.2,46.25,46.3,400785.0,187.25
2016-12-20,47.3,47.55,46.2,46.55,46.55,513769.0,241.05
2016-12-19,46.8,47.9,46.5,47.2,47.1,899793.0,426.13
2016-12-16,48.2,48.3,46.55,46.6,46.7,504377.0,238.61
2016-12-15,47.75,48.75,47.55,47.8,47.7,566586.0,272.16
2016-12-14,48.6,49.65,48.0,48.15,48.2,885535.0,432.84
2016-12-13,48.35,49.6,47.65,48.45,48.7,1167051.0,569.6
2016-12-12,49.7,49.7,47.9,48.3,48.25,556773.0,271.46
2016-12-09,50.9,50.95,49.45,49.5,49.65,681133.0,339.97
2016-12-08,51.4,51.9,50.15,50.55,50.65,3973392.0,2028.94
2016-12-07,48.3,49.6,47.1,49.4,49.2,1586585.0,773.3
2016-12-06,49.6,49.95,48.05,48.1,48.25,887391.0,436.98
2016-12-05,47.7,49.9,47.7,49.4,49.35,1171332.0,573.2
2016-12-02,47.5,48.7,47.1,48.15,48.3,872919.0,418.78
2016-12-01,46.95,49.5,46.9,48.45,48.25,1964485.0,946.66
2016-11-30,46.5,47.2,45.85,46.85,46.75,1255656.0,582.61
2016-11-29,44.65,45.4,44.4,45.35,44.9,570603.0,255.7
2016-11-28,44.1,44.5,43.75,44.5,44.3,328915.0,145.21
2016-11-25,43.95,44.45,43.3,43.9,44.05,659620.0,289.93
2016-11-24,43.3,44.45,42.8,43.75,43.75,621152.0,271.66
2016-11-23,43.4,43.7,42.4,43.3,43.5,606149.0,261.38
2016-11-22,42.3,43.25,41.6,43.15,42.9,1326620.0,562.0
2016-11-21,41.95,41.95,40.6,40.85,40.75,601226.0,247.55
2016-11-18,42.5,43.0,41.9,42.4,42.4,495123.0,209.94
2016-11-17,42.55,42.6,41.75,42.2,41.95,324200.0,136.81
2016-11-16,43.2,43.2,41.9,42.05,42.1,477528.0,202.57
2016-11-15,45.2,45.2,41.95,42.35,42.1,726060.0,310.78
2016-11-11,45.6,46.0,44.5,45.0,44.75,450091.0,203.07
2016-11-10,45.9,47.1,45.9,46.05,46.15,697172.0,323.84
2016-11-09,42.9,45.6,41.0,44.8,44.8,1129484.0,494.86
2016-11-08,46.7,47.8,46.25,46.65,46.65,565435.0,265.01
2016-11-07,47.1,47.45,46.6,46.85,46.9,523909.0,246.59
2016-11-04,48.5,48.55,45.85,46.45,46.45,1185870.0,554.9
2016-11-03,49.4,50.2,47.8,48.0,48.1,1070224.0,523.82
2016-11-02,49.55,50.55,48.75,49.3,49.15,1456535.0,723.5
2016-11-01,48.85,51.8,48.85,50.65,50.55,3076067.0,1558.48
2016-10-30,49.35,49.6,49.0,49.0,49.15,295118.0,145.34
2016-10-28,48.5,49.3,48.3,48.9,48.75,823707.0,401.49
2016-10-27,48.9,49.3,47.9,48.4,48.4,932310.0,453.51
2016-10-26,49.6,50.3,48.6,48.65,48.75,1600372.0,790.57
2016-10-25,49.2,50.8,48.6,49.55,49.55,2029037.0,1010.51
2016-10-24,48.45,50.25,48.15,49.25,49.2,2368839.0,1166.2
2016-10-21,49.2,49.4,47.8,48.0,48.15,1432393.0,697.6
2016-10-20,50.25,50.65,48.7,49.15,49.15,2745429.0,1362.52
2016-10-19,46.8,50.8,46.4,49.7,50.05,6343906.0,3125.79
2016-10-18,46.7,47.4,46.45,46.8,46.8,876636.0,410.47
2016-10-17,45.7,47.7,45.25,46.5,46.45,1709479.0,795.57
2016-10-14,45.5,46.0,44.25,45.55,45.5,797266.0,361.66
2016-10-13,46.5,46.5,44.9,45.45,45.25,691182.0,314.86
2016-10-10,47.2,47.5,46.5,46.5,46.6,583295.0,273.51
2016-10-07,46.9,47.8,45.7,46.95,47.05,1045064.0,490.86
2016-10-06,47.6,47.9,46.0,47.0,46.6,1054285.0,497.92
2016-10-05,47.4,47.75,46.6,47.15,47.3,1791644.0,845.71
2016-10-04,46.15,46.95,45.65,46.55,46.25,710650.0,328.33
2016-10-03,45.3,46.5,44.95,46.4,46.3,909966.0,417.31
2016-09-30,43.9,45.4,43.65,45.0,44.95,1004744.0,449.23
2016-09-29,46.05,48.15,42.6,43.7,43.5,2989078.0,1378.11
2016-09-28,46.5,46.7,45.75,45.8,45.85,1065565.0,491.35
2016-09-27,45.65,46.4,45.65,45.75,45.85,483008.0,222.06
2016-09-26,46.25,46.9,45.4,45.55,45.65,768544.0,353.9
2016-09-23,46.0,46.45,45.75,45.95,45.9,582576.0,268.36
2016-09-22,45.35,46.2,45.35,45.8,45.85,599954.0,274.91
2016-09-21,45.4,45.4,44.7,44.95,45.0,644197.0,290.35
2016-09-20,45.35,45.75,44.95,45.2,45.2,460840.0,208.47
2016-09-19,45.05,45.7,44.8,45.25,45.3,599224.0,271.29
2016-09-16,46.95,47.2,44.25,44.7,44.9,1529502.0,699.4
2016-09-15,46.5,47.15,46.5,46.7,46.7,673098.0,315.12
2016-09-14,46.95,47.85,46.7,47.3,47.25,732138.0,345.5
2016-09-12,47.7,48.05,46.7,46.95,46.9,706550.0,333.97
2016-09-09,48.35,49.4,47.9,48.6,48.6,1079115.0,525.02
2016-09-08,47.4,48.55,47.2,48.25,48.25,1060259.0,510.51
2016-09-07,47.6,47.6,47.05,47.15,47.15,599000.0,283.3
2016-09-06,47.6,48.05,47.2,47.25,47.35,520660.0,247.43
2016-09-02,47.15,47.7,47.15,47.4,47.35,374528.0,177.36
2016-09-01,48.3,48.4,47.05,47.2,47.25,559624.0,266.93
2016-08-31,47.1,49.15,47.1,48.0,47.95,1316952.0,636.12
2016-08-30,48.0,48.0,47.05,47.15,47.15,1743163.0,826.39
2016-08-29,50.05,50.6,49.55,49.85,49.75,592767.0,297.05
2016-08-26,50.95,50.95,49.5,49.6,49.7,639916.0,320.19
2016-08-25,52.5,52.7,50.45,51.0,50.75,1336010.0,688.92
2016-08-24,50.0,52.4,49.7,52.1,52.0,2866251.0,1477.53
2016-08-23,50.25,50.8,49.15,49.95,49.9,1023718.0,512.66
2016-08-22,48.85,50.65,48.4,50.0,50.05,1738400.0,865.77
2016-08-19,48.2,49.4,47.8,48.55,48.6,992210.0,482.09
2016-08-18,48.0,48.65,47.65,48.1,48.05,549455.0,264.46
2016-08-17,47.45,48.1,47.45,47.7,47.75,331612.0,158.48
2016-08-16,47.1,48.0,47.05,47.3,47.45,426177.0,202.91
2016-08-12,48.1,48.5,47.5,47.8,47.9,294135.0,141.61
2016-08-11,48.95,49.0,47.75,47.8,47.95,525023.0,253.4
2016-08-10,50.1,50.4,48.6,48.65,48.85,1817861.0,901.64
2016-08-09,49.05,49.55,48.5,49.2,49.15,792224.0,388.58
2016-08-08,48.9,49.3,48.6,49.2,49.15,870394.0,426.35
2016-08-05,47.35,48.15,47.2,47.85,47.8,651966.0,310.51
2016-08-04,47.15,47.35,46.6,47.0,47.05,452763.0,212.87
2016-08-03,47.9,48.4,46.65,46.7,46.9,950072.0,449.29
2016-08-02,49.25,49.4,48.1,48.2,48.3,886589.0,433.13
2016-08-01,49.5,50.15,48.8,49.0,49.05,766381.0,379.01
2016-07-29,50.5,50.55,49.25,49.45,49.5,719560.0,359.37
2016-07-28,50.0,51.35,49.85,50.0,50.1,1228887.0,620.28
2016-07-27,50.2,50.7,49.0,49.75,49.85,932290.0,464.86
2016-07-26,51.15,51.3,50.0,50.1,50.2,1354447.0,685.39
2016-07-25,51.95,52.25,51.0,51.0,51.1,1072249.0,551.9
2016-07-22,51.95,52.2,51.15,51.4,51.4,1730500.0,894.06
2016-07-21,49.1,51.25,49.05,50.7,50.7,1808113.0,914.24
2016-07-20,49.05,49.5,48.1,48.95,49.05,608652.0,297.99
2016-07-19,49.9,50.15,48.95,48.95,49.05,486594.0,240.65
2016-07-18,50.4,50.85,49.4,49.8,49.75,651782.0,326.98
2016-07-15,51.5,51.5,49.7,50.05,49.9,992605.0,501.54
2016-07-14,50.75,51.7,50.5,50.95,51.1,873961.0,446.53
2016-07-13,52.6,52.6,50.5,50.8,51.0,1061794.0,543.17
2016-07-12,52.25,52.5,51.55,52.1,52.15,1114615.0,580.05
2016-07-11,53.25,53.65,51.6,51.75,51.75,1988881.0,1046.44
2016-07-08,53.25,53.4,51.7,52.4,52.55,2122064.0,1115.07
2016-07-07,51.0,53.85,50.55,52.9,52.8,4947923.0,2591.52
2016-07-05,49.95,50.95,48.15,50.75,50.65,4047914.0,2016.51
2016-07-04,50.4,50.9,49.55,49.8,49.75,1384773.0,694.05
2016-07-01,49.7,51.65,49.6,50.6,50.6,4775068.0,2414.47
2016-06-30,47.35,50.75,47.15,49.4,49.05,7513535.0,3723.05
2016-06-29,46.45,47.4,46.2,47.0,47.1,1268497.0,595.16
2016-06-28,46.0,46.75,45.6,46.0,46.1,865219.0,400.15
2016-06-27,43.95,45.9,43.95,45.65,45.65,1187348.0,534.74
2016-06-24,44.7,44.7,42.8,44.15,43.95,1005605.0,437.49
2016-06-23,45.8,46.0,45.15,45.25,45.35,424780.0,192.83
2016-06-22,46.95,46.95,45.5,45.5,45.8,660130.0,305.07
2016-06-21,46.95,47.15,46.4,46.55,46.65,888517.0,415.55
2016-06-20,45.4,47.05,45.2,46.55,46.5,1494333.0,694.75
2016-06-17,45.95,46.0,45.25,45.4,45.5,524408.0,238.79
2016-06-16,46.1,46.1,45.15,45.7,45.65,634714.0,289.23
2016-06-15,46.45,46.75,45.85,46.2,46.15,1156061.0,533.88
2016-06-14,46.0,46.9,45.55,45.95,46.25,1849263.0,852.05
2016-06-13,45.35,45.95,44.65,45.1,45.15,919031.0,415.04
2016-06-10,46.7,46.7,45.25,45.9,45.85,845740.0,389.09
2016-06-09,46.3,47.2,45.75,46.15,46.25,1289787.0,597.75
2016-06-08,44.85,46.35,44.65,46.1,45.95,1103682.0,504.77
2016-06-07,44.6,44.9,44.25,44.9,44.75,444643.0,198.47
2016-06-06,44.4,44.65,44.0,44.35,44.3,455642.0,201.8
2016-06-03,43.5,44.65,43.5,44.0,43.85,999903.0,440.98
2016-06-02,43.1,43.65,42.7,43.2,43.2,798315.0,344.89
2016-06-01,43.4,43.9,42.75,42.95,42.85,685096.0,296.46
2016-05-31,43.8,43.9,43.0,43.15,43.1,449656.0,194.73
2016-05-30,43.0,44.15,42.85,43.6,43.55,734995.0,320.45
2016-05-27,44.0,44.3,42.8,43.1,43.05,1747431.0,755.28
2016-05-26,45.6,45.9,45.3,45.35,45.5,689842.0,314.66
2016-05-25,45.35,45.8,44.9,45.4,45.5,1312538.0,596.59
2016-05-24,45.0,45.25,44.0,44.6,44.45,875777.0,389.41
2016-05-23,45.7,45.75,44.05,44.15,44.2,874543.0,392.39
2016-05-20,46.9,46.9,45.2,45.3,45.4,677099.0,310.91
2016-05-19,47.3,47.7,46.15,46.2,46.45,765015.0,359.46
2016-05-18,47.75,47.9,47.1,47.2,47.25,633295.0,300.06
2016-05-17,48.05,48.6,47.55,47.6,47.75,746725.0,358.07
2016-05-16,48.35,48.95,47.5,47.7,47.75,1458753.0,702.65
2016-05-13,48.0,49.2,47.9,48.4,48.4,3206386.0,1556.21
2016-05-12,46.2,47.7,45.85,47.35,47.3,1710015.0,803.82
2016-05-11,45.9,46.65,45.25,45.9,45.8,708099.0,326.13
2016-05-10,46.0,46.7,45.95,46.3,46.3,567391.0,262.73
2016-05-09,45.0,46.0,45.0,45.95,45.85,577469.0,263.25
2016-05-06,45.2,45.4,44.65,44.65,44.75,574838.0,258.22
2016-05-05,45.7,45.85,45.1,45.25,45.25,688407.0,312.65
2016-05-04,46.55,46.55,45.2,45.45,45.5,953235.0,438.05
2016-05-03,46.55,47.5,46.4,46.55,46.65,1402327.0,658.24
2016-05-02,45.4,46.9,44.6,46.25,46.3,1972755.0,910.69
2016-04-29,46.5,46.9,45.1,45.3,45.45,1356213.0,620.78
2016-04-28,48.4,48.4,46.85,47.0,47.0,1466390.0,695.63
2016-04-27,49.35,50.1,48.3,48.35,48.65,6842670.0,3373.43
2016-04-26,47.5,48.5,46.8,48.2,48.1,1778258.0,849.6
2016-04-25,44.7,48.2,43.8,47.8,47.6,3707418.0,1728.49
2016-04-22,44.2,45.0,43.6,44.8,44.65,928802.0,412.9
2016-04-21,45.7,45.75,44.0,44.25,44.2,962287.0,428.84
2016-04-20,43.9,45.9,43.65,45.6,45.55,2936192.0,1326.04
2016-04-18,43.85,44.05,42.6,43.5,43.6,966280.0,420.51
2016-04-13,42.6,44.15,42.25,44.0,43.7,3871618.0,1671.37
2016-04-12,41.4,42.5,41.4,42.1,41.9,2890303.0,1214.32
2016-04-11,40.2,41.3,39.75,40.7,40.7,1803154.0,732.97
2016-04-08,39.5,40.15,39.1,39.95,39.8,776973.0,308.44
2016-04-07,39.45,40.7,38.8,39.55,39.6,1466557.0,582.1
2016-04-06,39.0,39.9,38.8,39.45,39.45,656132.0,258.7
2016-04-05,40.45,40.5,38.9,39.0,39.05,921197.0,364.76
2016-04-04,39.75,41.3,39.75,40.65,40.75,1916040.0,778.38
2016-04-01,38.85,39.8,38.55,39.65,39.45,906225.0,355.29
2016-03-31,38.55,39.55,38.25,38.65,38.65,1246365.0,484.94
2016-03-30,38.9,38.9,38.0,38.4,38.35,1053572.0,403.81
2016-03-29,37.0,37.6,36.55,37.45,37.4,715507.0,265.77
2016-03-28,37.75,37.8,36.5,37.0,36.8,609028.0,227.02
2016-03-23,37.9,38.0,37.35,37.65,37.6,834770.0,314.33
2016-03-22,38.0,38.05,37.4,37.7,37.75,837545.0,316.22
2016-03-21,36.25,37.75,36.1,37.4,37.35,1548035.0,573.01
2016-03-18,36.35,36.45,35.9,36.0,36.05,916757.0,330.99
2016-03-17,36.9,36.95,35.85,35.95,36.05,1340521.0,488.77
2016-03-16,37.0,37.1,36.35,36.45,36.5,748607.0,274.04
2016-03-15,37.4,37.65,36.7,36.8,36.8,987021.0,365.69
2016-03-14,37.8,38.0,37.35,37.4,37.4,552721.0,207.85
2016-03-11,37.85,38.15,37.35,37.45,37.45,813094.0,306.35
2016-03-10,38.5,38.7,37.65,37.7,37.75,1385893.0,528.61
2016-03-09,38.15,38.55,38.0,38.45,38.35,898625.0,344.51
2016-03-08,38.2,38.95,37.85,37.9,37.95,1506376.0,576.59
2016-03-04,38.95,39.05,37.85,37.95,38.0,1607241.0,618.48
2016-03-03,38.5,39.4,38.35,38.8,38.75,3602248.0,1396.74
2016-03-02,38.0,38.6,36.75,37.1,37.1,2734787.0,1027.72
2016-03-01,38.7,38.9,37.2,37.5,37.4,1296923.0,490.51
2016-02-29,40.2,41.4,38.2,38.25,38.35,1759300.0,700.04
2016-02-26,40.0,40.85,39.45,40.15,39.85,1281610.0,513.38
2016-02-25,40.3,40.75,38.65,38.8,38.8,665567.0,263.03
2016-02-24,41.4,41.4,40.0,40.0,40.2,615754.0,249.51
2016-02-23,43.8,43.9,41.1,41.25,41.3,1258189.0,532.03
2016-02-22,41.4,43.75,41.2,43.5,43.45,2820279.0,1209.37
2016-02-19,38.0,40.4,37.9,40.1,40.2,1741422.0,691.21
2016-02-18,37.1,37.75,36.95,37.65,37.55,331741.0,124.15
2016-02-17,37.9,37.9,36.25,36.7,36.7,635796.0,232.99
2016-02-16,37.95,38.9,37.5,37.8,37.85,496144.0,189.73
2016-02-15,36.4,38.25,36.4,37.55,37.55,517733.0,194.11
2016-02-12,38.8,38.85,35.15,36.15,36.35,1238841.0,448.82
2016-02-11,40.4,40.4,38.0,38.35,38.2,433141.0,169.67
2016-02-10,40.75,40.9,40.0,40.3,40.3,343039.0,138.33
2016-02-09,41.15,41.75,39.9,40.8,40.85,1053668.0,427.65
2016-02-08,41.3,42.8,41.3,41.85,41.9,337909.0,142.71
2016-02-05,40.75,41.5,40.5,41.3,41.3,249740.0,102.61
2016-02-04,40.9,41.4,40.15,40.5,40.5,250716.0,102.24
2016-02-03,41.35,41.6,40.5,40.8,40.6,299446.0,122.29
2016-02-02,42.95,43.15,41.5,41.7,41.75,353384.0,149.57
2016-02-01,42.65,43.45,42.55,42.8,42.8,378545.0,162.26
2016-01-29,42.35,42.75,42.0,42.45,42.45,412436.0,174.75
2016-01-28,42.25,42.6,42.0,42.1,42.15,327820.0,138.61
2016-01-27,42.3,42.4,41.8,42.0,42.05,324375.0,136.53
2016-01-25,42.25,42.45,41.75,41.85,41.85,342697.0,144.16
2016-01-22,42.4,42.4,41.4,41.75,41.6,1581914.0,662.49
2016-01-21,42.5,42.8,41.5,41.85,41.75,597559.0,251.18
2016-01-20,42.45,43.7,41.4,41.85,41.8,1347772.0,573.43
2016-01-19,41.65,42.95,41.5,42.2,42.25,496781.0,210.23
2016-01-18,43.7,43.7,41.4,41.9,41.6,551365.0,232.21
2016-01-15,46.1,46.1,42.85,43.3,43.3,635660.0,284.52
2016-01-14,46.1,46.9,45.0,45.45,45.5,897243.0,411.46
2016-01-13,49.4,49.8,46.1,46.75,46.85,3246626.0,1556.33
2016-01-12,47.05,48.65,46.8,47.2,47.2,1107219.0,528.13
2016-01-11,46.5,47.75,46.15,46.55,46.75,713751.0,334.74
2016-01-08,47.0,47.6,46.6,46.85,46.9,1123901.0,528.48
2016-01-07,48.1,48.15,46.65,46.85,46.85,756328.0,357.1
2016-01-06,50.0,50.65,48.65,48.85,48.95,1743688.0,867.01
2016-01-05,50.45,50.7,49.35,49.75,49.85,2931635.0,1467.4
2016-01-04,50.0,51.8,49.5,49.7,49.9,1449434.0,730.27
2016-01-01,49.9,50.7,49.2,50.15,50.15,1005551.0,502.48
2015-12-31,48.75,49.8,48.45,49.35,49.4,754040.0,371.73
2015-12-30,49.4,49.8,48.3,48.7,48.55,395842.0,193.91
2015-12-29,49.35,50.15,49.0,49.15,49.1,737505.0,364.53
2015-12-28,49.1,49.45,48.9,49.05,49.1,283111.0,139.29
2015-12-24,49.1,49.65,48.7,49.0,49.1,402220.0,197.56
2015-12-23,48.9,49.7,48.7,49.1,48.95,592299.0,291.29
2015-12-22,48.5,49.25,48.3,48.45,48.5,475607.0,231.95
2015-12-21,48.15,48.8,47.8,48.7,48.55,292298.0,141.85
2015-12-18,48.7,49.15,47.9,48.15,48.2,459282.0,222.96
2015-12-17,48.45,49.45,48.25,49.1,49.2,738326.0,361.02
2015-12-16,52.7,52.7,47.85,47.85,48.25,3627104.0,1782.7
2015-12-15,50.0,52.8,49.65,52.6,52.45,2240306.0,1150.97
2015-12-14,44.55,50.7,44.5,50.0,50.1,2383669.0,1164.28
2015-12-11,45.6,46.15,44.5,45.0,45.0,343363.0,155.51
2015-12-10,44.85,45.85,44.65,45.45,45.4,497695.0,225.37
2015-12-09,47.2,47.5,44.45,44.8,44.75,680460.0,308.49
2015-12-08,48.9,49.4,46.65,47.15,47.3,945588.0,452.69
2015-12-07,49.1,49.75,48.5,48.55,48.65,259190.0,127.04
2015-12-04,49.85,50.3,48.75,49.15,49.0,486791.0,240.93
2015-12-03,50.9,51.5,50.05,50.45,50.2,449551.0,227.68
2015-12-02,52.2,52.45,50.6,50.85,51.05,666375.0,341.86
2015-12-01,49.8,53.2,49.8,51.9,52.1,3341868.0,1741.57
2015-11-30,50.05,50.55,49.5,49.7,49.65,299982.0,149.82
2015-11-27,50.25,50.6,49.3,49.85,49.95,704529.0,352.09
2015-11-26,49.85,50.9,49.25,50.0,50.0,749351.0,374.61
2015-11-24,49.75,50.2,48.9,49.45,49.55,949512.0,470.38
2015-11-23,48.5,50.2,47.75,49.95,49.65,951003.0,467.37
2015-11-20,48.1,49.15,47.7,47.9,48.0,549629.0,265.94
2015-11-19,48.9,49.0,47.7,48.1,48.3,695686.0,336.14
2015-11-18,47.2,48.35,47.0,47.4,47.4,548451.0,261.32
2015-11-17,47.3,47.8,46.95,47.35,47.15,338361.0,160.18
2015-11-16,47.0,47.4,46.25,47.0,47.05,515488.0,241.77
2015-11-13,47.6,47.85,46.4,46.5,46.6,339458.0,158.89
2015-11-11,48.0,48.65,47.4,48.1,48.1,160086.0,76.72
2015-11-10,49.0,50.0,47.2,47.55,47.45,864345.0,418.25
2015-11-09,45.8,49.6,45.5,49.6,48.75,561510.0,268.59
2015-11-06,47.0,48.0,45.9,46.7,46.9,413452.0,193.72
2015-11-05,47.2,47.9,46.55,46.8,46.85,252037.0,118.72
2015-11-04,47.35,48.2,47.05,47.35,47.4,342937.0,163.02
2015-11-03,47.0,47.6,46.55,46.9,46.85,318634.0,150.05
2015-11-02,47.7,47.75,46.5,46.9,46.95,259891.0,121.95
2015-10-30,49.4,49.4,47.6,47.6,47.75,347084.0,168.19
2015-10-29,49.6,49.95,49.0,49.1,49.25,160336.0,79.3
2015-10-28,50.35,51.0,49.25,49.75,49.95,411734.0,206.16
2015-10-27,50.15,50.8,49.9,49.95,50.15,181558.0,91.39
2015-10-26,50.9,51.8,50.35,50.65,50.6,495522.0,253.72
2015-10-23,51.5,51.7,50.3,50.35,50.5,293108.0,149.57
2015-10-21,51.0,51.75,50.55,50.65,50.85,228863.0,116.79
2015-10-20,51.8,52.25,50.7,50.9,50.85,281411.0,144.52
2015-10-19,51.6,51.95,51.25,51.3,51.45,202500.0,104.42
2015-10-16,52.0,52.5,51.15,51.4,51.55,394961.0,204.84
2015-10-15,52.05,52.4,51.2,51.65,51.7,778462.0,403.75
2015-10-14,50.9,53.65,50.5,51.3,51.4,2022927.0,1056.68
2015-10-13,49.6,51.45,49.2,50.9,51.1,1310954.0,662.85
2015-10-12,49.4,49.95,49.1,49.7,49.55,271838.0,134.83
2015-10-09,50.0,50.4,49.1,49.35,49.6,402117.0,200.12
2015-10-08,49.9,50.65,49.5,49.75,49.6,406112.0,202.44
2015-10-07,49.9,50.95,49.15,49.6,49.55,606227.0,302.76
2015-10-06,50.0,50.5,49.25,49.35,49.45,484907.0,241.62
2015-10-05,49.5,50.45,49.4,49.85,49.7,408607.0,203.88
2015-10-01,48.4,51.25,48.2,49.3,49.3,1596621.0,793.66
2015-09-30,50.7,51.4,47.6,47.8,47.8,1147348.0,567.24
2015-09-29,46.4,52.05,44.75,50.0,50.7,2533212.0,1240.04
2015-09-28,45.4,49.75,44.5,47.4,47.15,2271955.0,1090.75
2015-09-24,44.2,45.45,44.2,44.85,44.5,230259.0,103.01
2015-09-23,43.9,45.65,43.6,44.6,44.55,378576.0,169.07
2015-09-22,45.4,46.45,44.05,44.2,44.3,315797.0,142.96
2015-09-21,44.4,45.7,43.9,45.45,45.5,410805.0,185.54
2015-09-18,43.4,45.1,43.05,44.3,44.45,788810.0,348.43
2015-09-16,44.4,45.3,42.5,42.6,42.65,539747.0,234.95
2015-09-15,44.5,44.75,43.65,43.85,43.8,151182.0,66.54
2015-09-14,44.0,45.05,43.5,44.5,44.5,374633.0,166.63
2015-09-11,42.5,43.9,42.1,43.7,43.5,532585.0,229.92
2015-09-10,41.45,42.0,40.6,41.9,41.85,220664.0,91.25
2015-09-09,41.25,42.6,41.2,42.0,42.0,367186.0,153.54
2015-09-08,40.35,41.55,39.8,40.8,40.75,338370.0,137.5
2015-09-07,41.45,41.6,39.8,40.1,40.0,362396.0,147.22
2015-09-04,42.9,42.9,40.8,40.9,40.95,467854.0,193.22
2015-09-03,42.8,43.35,42.3,43.05,42.95,296585.0,127.31
2015-09-02,43.05,43.85,42.2,42.3,42.3,415232.0,177.1
2015-09-01,43.9,44.55,43.0,43.15,43.15,547657.0,238.5
2015-08-31,45.9,45.9,44.1,44.25,44.4,392027.0,176.66
2015-08-28,46.7,46.8,45.05,45.75,45.6,485782.0,223.24
2015-08-27,46.7,46.7,45.2,45.3,45.4,434122.0,197.96
2015-08-26,43.9,46.3,43.05,45.0,44.8,555601.0,250.21
2015-08-25,45.9,46.85,41.45,43.9,43.6,1143695.0,501.28
2015-08-24,50.4,50.4,44.85,45.6,45.8,756467.0,361.69
2015-08-21,52.5,52.5,51.35,51.45,51.6,543449.0,281.2
2015-08-20,55.0,55.0,52.85,53.0,53.0,1198751.0,642.29
2015-08-19,53.3,55.1,52.95,54.25,54.7,1075296.0,581.94
2015-08-18,54.05,55.0,54.0,54.9,54.85,442968.0,241.69
2015-08-17,53.9,54.35,53.65,53.8,53.9,415776.0,224.18
2015-08-14,52.75,53.8,52.7,53.7,53.6,459574.0,244.89
2015-08-13,54.5,54.8,52.5,52.7,52.75,734709.0,392.69
2015-08-12,55.15,55.85,53.9,54.05,54.05,743454.0,406.33
2015-08-11,57.0,57.3,55.1,55.2,55.2,744307.0,414.74
2015-08-10,57.15,60.45,56.45,56.85,57.05,4202093.0,2458.17
2015-08-07,57.1,57.75,56.55,57.0,57.05,642351.0,367.54
2015-08-06,56.5,58.65,56.1,57.5,57.45,1653184.0,952.13
2015-08-05,56.5,57.2,56.05,56.15,56.2,800313.0,451.91
2015-08-04,55.2,56.4,55.15,56.2,56.0,835774.0,467.37
2015-08-03,54.3,55.3,54.3,55.2,55.05,670078.0,368.23
2015-07-31,54.5,55.75,54.1,54.25,54.3,759246.0,416.13
2015-07-30,54.5,54.75,53.95,54.25,54.1,397646.0,215.82
2015-07-29,53.8,54.7,53.3,54.3,54.25,435888.0,235.31
2015-07-28,54.95,55.15,53.05,53.5,53.2,507081.0,273.08
2015-07-27,55.3,55.65,54.2,55.0,54.7,381659.0,209.72
2015-07-24,56.5,57.1,55.05,55.3,55.3,684473.0,383.08
2015-07-23,56.0,57.75,55.5,56.5,56.35,900789.0,511.74
2015-07-22,55.45,56.1,55.4,55.8,55.7,499178.0,278.18
2015-07-21,56.45,57.15,55.5,55.75,55.75,627386.0,353.69
2015-07-20,56.75,57.5,56.05,56.35,56.3,1049549.0,595.3
2015-07-17,56.7,57.35,56.15,56.7,56.6,920353.0,522.45
2015-07-16,56.4,57.1,55.55,56.35,56.25,1107093.0,622.47
2015-07-15,56.35,56.9,55.8,56.1,56.15,577367.0,325.08
2015-07-14,56.5,57.35,55.55,55.75,55.9,1115662.0,628.5
2015-07-13,55.25,57.15,55.05,55.75,55.75,970284.0,543.49
2015-07-10,56.0,56.6,54.5,55.1,55.15,552163.0,307.7
2015-07-09,57.25,57.5,55.75,55.8,55.9,707555.0,400.37
2015-07-08,57.8,59.2,56.4,56.55,56.75,1002753.0,578.48
2015-07-07,59.1,59.4,57.7,58.25,58.35,501728.0,293.93
2015-07-06,57.5,59.2,57.1,58.45,58.45,574580.0,334.66
2015-07-03,60.2,61.35,57.95,58.2,58.3,2753546.0,1652.58
2015-07-02,56.0,59.75,55.7,59.15,59.15,2228868.0,1305.12
2015-07-01,55.3,56.35,55.0,55.7,55.8,530961.0,296.31
2015-06-30,53.8,55.3,53.8,54.55,54.65,481094.0,261.84
2015-06-29,54.9,54.9,52.85,53.6,53.65,495625.0,265.33
2015-06-26,55.95,56.5,55.4,55.5,55.65,310642.0,173.48
2015-06-25,55.3,57.2,55.1,56.1,55.95,688942.0,388.04
2015-06-24,56.6,56.85,54.9,55.1,55.4,518482.0,290.76
2015-06-23,56.7,57.4,56.15,56.25,56.35,507786.0,288.2
2015-06-22,56.75,57.2,56.2,56.9,56.7,367369.0,208.6
2015-06-19,56.7,57.5,55.8,56.65,56.55,842894.0,477.61
2015-06-18,55.0,55.65,54.7,55.1,55.05,378851.0,208.79
2015-06-17,55.0,55.95,54.15,54.5,54.6,457122.0,250.87
2015-06-16,54.05,55.75,53.7,54.65,54.8,765772.0,419.63
2015-06-15,53.7,54.3,53.15,53.4,53.45,166603.0,89.2
2015-06-12,53.3,53.55,52.65,52.9,53.15,179801.0,95.44
2015-06-11,55.0,55.4,53.1,53.4,53.3,278740.0,150.59
2015-06-10,54.9,56.65,54.1,54.4,54.65,979468.0,541.22
2015-06-09,52.7,55.35,52.0,54.6,54.6,631343.0,341.83
2015-06-08,53.85,54.35,52.0,52.7,52.75,242945.0,128.04
2015-06-05,52.65,54.45,52.1,53.8,53.65,331769.0,177.58
2015-06-04,52.5,53.9,52.0,52.75,52.9,296225.0,156.18
2015-06-03,55.05,55.45,51.9,53.3,53.5,338429.0,180.2
2015-06-02,55.5,55.9,54.75,55.1,55.2,248375.0,137.09
2015-06-01,55.4,56.7,55.4,55.6,55.8,221781.0,124.28
2015-05-29,55.95,56.2,55.15,55.75,55.85,295232.0,164.64
2015-05-28,55.95,56.0,55.15,55.85,55.85,179792.0,100.12
2015-05-27,56.9,56.9,55.4,55.5,55.55,292588.0,162.92
2015-05-26,56.95,56.95,55.9,56.5,56.45,250562.0,141.13
2015-05-25,58.0,58.35,56.05,56.35,56.25,428017.0,244.13
2015-05-22,59.8,59.8,56.9,57.4,57.45,804189.0,467.29
2015-05-21,60.5,61.8,60.0,60.85,61.1,733201.0,447.59
2015-05-20,60.0,60.7,59.6,59.85,60.0,252947.0,151.93
2015-05-19,60.45,61.05,59.5,60.0,60.1,391294.0,236.35
2015-05-18,60.4,61.3,59.8,60.4,60.3,380575.0,229.72
2015-05-15,60.0,61.45,59.6,60.3,59.95,305107.0,184.17
2015-05-14,60.3,60.6,58.9,60.0,60.1,291699.0,174.76
2015-05-13,58.3,63.9,58.0,60.4,60.3,1585066.0,975.06
2015-05-12,59.8,59.8,57.5,58.1,57.85,177636.0,102.93
2015-05-11,59.5,59.65,58.4,59.15,59.25,213933.0,126.38
2015-05-08,57.3,60.5,57.3,59.0,58.75,455072.0,267.56
2015-05-07,58.7,58.7,56.3,56.45,56.6,318413.0,182.49
2015-05-06,60.1,60.65,58.4,58.8,58.7,295060.0,174.59
2015-05-05,60.2,60.7,59.5,60.2,60.2,255464.0,153.56
2015-05-04,59.45,60.5,59.1,60.05,60.15,306577.0,183.7
2015-04-30,58.8,59.95,58.2,58.95,58.95,547555.0,323.41
2015-04-29,59.95,60.75,58.2,58.3,58.7,603114.0,359.3
2015-04-28,61.6,62.0,59.1,59.35,59.85,721797.0,435.1
2015-04-27,64.35,64.35,61.5,62.4,62.15,344541.0,215.83
2015-04-24,65.5,65.9,63.6,63.95,63.95,342935.0,221.08
2015-04-23,66.4,66.75,65.15,65.25,65.55,357624.0,236.29
2015-04-22,65.35,66.9,64.35,66.45,66.45,574188.0,377.61
2015-04-21,65.8,65.8,62.8,64.85,64.85,560137.0,361.85
2015-04-20,67.4,67.65,64.6,65.8,65.5,557213.0,367.2
2015-04-17,68.7,68.85,66.6,67.2,67.45,1293243.0,877.89
2015-04-16,66.05,68.2,64.35,67.8,67.85,1351961.0,902.71
2015-04-15,67.0,68.4,64.8,65.8,65.7,885442.0,591.39
2015-04-13,69.1,69.95,67.0,67.1,67.35,681697.0,465.02
2015-04-10,69.4,70.35,68.35,68.75,68.75,1019986.0,705.67
2015-04-09,68.25,71.85,66.0,69.5,69.65,3503878.0,2443.28
2015-04-08,71.0,71.9,67.3,67.65,67.85,3873793.0,2680.2
2015-04-07,58.05,69.6,57.2,69.6,69.6,3872673.0,2487.98
2015-04-06,60.0,60.15,57.3,57.9,58.0,573668.0,332.89
2015-04-01,58.65,60.0,58.55,59.65,59.7,2590422.0,1535.43
2015-03-31,55.3,58.1,54.3,56.5,56.45,1198018.0,676.5
2015-03-30,53.2,55.3,53.1,54.95,54.75,512992.0,279.07
2015-03-27,53.5,53.8,50.9,52.6,52.7,950294.0,499.12
2015-03-26,51.8,53.6,51.2,53.1,52.8,799602.0,421.32
2015-03-25,53.45,53.45,51.45,52.3,51.9,526721.0,276.2
2015-03-24,54.5,54.55,52.4,53.15,53.0,594786.0,316.92
2015-03-23,55.6,55.65,54.05,54.35,54.35,531744.0,291.45
2015-03-20,57.6,57.95,54.9,54.95,55.15,611852.0,343.32
2015-03-19,59.25,59.5,57.55,57.65,57.9,398763.0,233.46
2015-03-18,59.45,59.45,58.25,58.65,58.8,773453.0,454.57
2015-03-17,59.5,60.8,58.15,58.9,59.05,1285635.0,764.01
2015-03-16,60.7,60.7,58.8,59.3,59.2,567129.0,338.0
2015-03-13,62.2,62.3,59.9,60.2,60.15,766472.0,466.83
2015-03-12,62.0,62.4,61.4,61.75,61.95,591676.0,366.53
2015-03-11,62.7,62.8,61.65,62.05,61.85,581244.0,360.87
2015-03-10,61.5,63.3,61.5,62.6,62.35,876706.0,548.37
2015-03-09,62.9,62.9,61.7,61.9,61.85,681621.0,424.16
2015-03-05,64.8,64.9,62.5,63.3,63.25,889586.0,563.92
2015-03-04,65.3,66.0,64.15,64.5,64.5,1117821.0,727.71
2015-03-03,65.0,65.85,64.5,64.9,65.0,1324283.0,862.66
2015-03-02,66.75,66.75,64.45,64.8,64.8,1394026.0,907.46
2015-02-28,69.5,70.9,65.5,66.0,66.3,3071606.0,2101.73
2015-02-27,68.4,68.95,67.1,68.75,68.55,1342031.0,913.15
2015-02-26,70.05,70.25,67.3,68.0,68.0,1323752.0,905.7
2015-02-25,69.85,71.3,69.1,69.7,69.85,1985731.0,1396.28
2015-02-24,71.7,71.75,67.0,68.85,69.05,1635835.0,1131.28
2015-02-23,71.0,72.6,70.5,71.2,71.5,1702947.0,1219.92
2015-02-20,71.85,71.9,70.2,70.75,70.5,1932203.0,1369.98
2015-02-19,72.8,74.8,72.5,73.25,73.25,7912905.0,5816.76
2015-02-18,65.35,70.95,64.8,70.95,70.3,5809827.0,4018.49
2015-02-16,65.7,65.95,64.75,65.05,65.0,595032.0,388.65
2015-02-13,65.6,66.1,65.1,65.35,65.25,890437.0,583.02
2015-02-12,66.5,67.85,65.0,65.1,65.2,1935440.0,1277.61
2015-02-11,66.2,67.0,66.0,66.25,66.1,841420.0,557.73
2015-02-10,65.3,66.5,64.2,65.5,65.45,820016.0,537.23
2015-02-09,66.9,67.8,64.9,65.1,65.15,1196378.0,793.38
2015-02-06,67.2,69.85,66.1,67.6,67.25,4668057.0,3185.64
2015-02-05,67.95,68.9,66.3,66.45,66.65,1050315.0,710.85
2015-02-04,68.65,68.9,67.05,67.35,67.25,883723.0,598.28
2015-02-03,69.65,70.4,68.1,68.5,68.35,3492404.0,2418.77
2015-02-02,64.05,68.3,64.05,68.1,67.75,1824986.0,1220.96
2015-01-30,65.6,66.4,64.5,65.0,64.95,917091.0,599.0
2015-01-29,66.4,67.4,64.8,65.3,65.2,1258404.0,829.04
2015-01-28,64.9,66.7,64.8,66.3,65.95,1145159.0,752.88
2015-01-27,67.65,67.8,64.9,65.4,65.1,989819.0,650.89
2015-01-23,68.1,69.2,66.7,66.9,67.05,2697987.0,1831.68
2015-01-22,65.05,67.5,64.9,66.9,66.15,2278878.0,1508.1
2015-01-21,67.4,67.75,64.6,64.95,64.85,1405198.0,922.97
2015-01-20,70.0,71.5,66.9,67.35,67.3,3323606.0,2304.73
2015-01-19,64.1,69.8,63.95,69.65,69.0,5045592.0,3380.03
2015-01-16,64.15,64.9,63.5,63.65,63.85,846887.0,542.54
2015-01-15,64.75,65.8,63.9,64.0,64.0,861768.0,557.0
2015-01-14,66.2,67.5,63.7,63.95,63.95,1727051.0,1133.76
2015-01-13,65.85,67.2,65.8,66.2,66.2,1095113.0,726.41
2015-01-12,66.0,66.5,65.4,65.75,65.75,616713.0,407.05
2015-01-09,66.8,67.3,65.5,65.75,65.7,951884.0,630.43
2015-01-08,67.65,68.45,65.9,66.25,66.5,1369089.0,920.32
2015-01-07,65.7,69.4,65.65,67.3,67.15,3517808.0,2385.76
2015-01-06,66.5,68.15,65.3,65.55,65.85,1300081.0,865.9
2015-01-05,67.85,69.05,66.9,67.3,67.2,810514.0,549.84
2015-01-02,68.55,70.5,68.15,68.3,68.45,1196696.0,829.57
2015-01-01,67.65,69.85,67.65,68.65,68.85,724232.0,500.39
2014-12-31,68.7,69.05,68.1,68.4,68.3,478134.0,327.07
2014-12-30,67.95,69.8,67.35,68.9,68.6,1362289.0,936.0
2014-12-29,68.8,69.25,67.55,67.7,67.75,545232.0,372.84
2014-12-26,68.6,70.45,67.8,68.45,68.6,1437529.0,993.38
2014-12-24,67.05,69.45,67.05,68.0,67.95,907830.0,619.51
2014-12-23,69.15,69.6,66.9,67.3,67.7,982430.0,667.7
2014-12-22,69.8,71.15,68.55,69.25,69.1,1167880.0,814.31
2014-12-19,67.0,70.35,65.7,70.0,68.95,2024043.0,1378.13
2014-12-18,64.55,69.9,63.55,66.45,66.25,765240.0,503.62
2014-12-17,64.0,65.0,61.25,63.4,63.15,1046108.0,660.22
2014-12-16,67.05,67.85,64.1,64.25,64.5,1078291.0,709.8
2014-12-15,66.5,69.0,66.0,68.4,68.15,1006708.0,681.89
2014-12-12,68.9,69.55,66.75,67.0,66.95,912717.0,621.58
2014-12-11,68.25,69.8,66.35,69.1,68.8,1149534.0,783.4
2014-12-10,67.25,68.45,67.0,68.35,68.1,812822.0,550.81
2014-12-09,70.5,70.5,67.0,67.2,67.25,2244189.0,1538.58
2014-12-08,70.0,71.1,68.55,69.7,69.65,3534356.0,2470.72
2014-12-05,68.25,69.9,67.65,67.75,68.1,1119434.0,770.13
2014-12-04,69.0,69.45,67.6,68.25,68.25,751073.0,513.02
2014-12-03,65.5,69.3,65.5,68.8,68.8,1416225.0,963.19
2014-12-02,65.5,66.75,65.15,66.0,66.05,755666.0,497.67
2014-12-01,66.8,67.4,65.05,66.5,66.15,871353.0,577.71
2014-11-28,65.15,68.3,65.15,66.9,66.7,1627298.0,1085.42
2014-11-27,65.15,66.1,64.6,64.8,64.8,1442096.0,943.03
2014-11-26,65.4,66.8,65.0,65.6,65.8,1096526.0,724.9
2014-11-25,68.0,68.5,64.8,66.25,66.05,1005032.0,664.0
2014-11-24,69.7,69.9,67.85,67.95,68.1,1195953.0,820.67
2014-11-21,71.7,71.7,68.85,69.15,69.15,1154602.0,809.66
2014-11-20,68.0,71.6,67.0,71.5,70.8,1976854.0,1373.52
2014-11-19,71.55,71.95,67.55,68.3,68.15,1439597.0,1001.04
2014-11-18,72.35,72.95,70.85,71.2,71.3,2148715.0,1543.61
2014-11-17,69.05,72.45,69.05,72.1,71.8,4899979.0,3476.83
2014-11-14,69.0,71.25,67.25,68.55,68.6,8196170.0,5669.18
2014-11-13,66.45,67.0,63.1,63.8,63.8,1176919.0,765.83
2014-11-12,67.7,67.7,65.8,66.0,66.2,1658441.0,1105.97
2014-11-11,66.1,67.45,66.0,67.4,67.25,2183175.0,1459.19
2014-11-10,65.5,67.15,65.05,65.55,65.55,1764040.0,1162.87
2014-11-07,66.95,67.25,63.8,65.45,65.4,2902991.0,1900.39
2014-11-05,64.1,68.0,64.1,66.75,66.65,9644489.0,6369.39
2014-11-03,58.1,60.7,58.0,60.55,60.35,1768581.0,1054.19
2014-10-31,57.2,59.0,57.2,58.0,57.95,1475138.0,858.51
2014-10-30,55.3,57.3,55.0,57.0,56.75,847077.0,478.32
2014-10-29,56.05,56.9,55.5,55.6,55.6,423232.0,236.78
2014-10-28,57.0,57.0,55.5,55.65,55.7,571016.0,320.33
2014-10-27,54.95,58.3,54.6,56.75,56.45,2088702.0,1185.96
2014-10-23,54.5,54.9,54.25,54.5,54.45,111617.0,60.8
2014-10-22,54.7,54.95,53.9,54.05,54.1,383597.0,208.28
2014-10-21,53.2,54.9,53.05,54.85,54.55,600098.0,324.29
2014-10-20,52.75,53.9,52.25,53.5,53.4,722231.0,385.23
2014-10-17,53.05,53.55,51.85,52.3,52.05,500561.0,262.53
2014-10-16,53.1,55.0,52.35,52.65,52.85,792653.0,425.87
2014-10-14,53.7,54.2,53.1,53.5,53.55,464573.0,248.89
2014-10-13,53.1,53.65,52.75,53.4,53.3,321477.0,171.17
2014-10-10,54.35,54.35,53.3,53.8,53.65,656891.0,352.95
2014-10-09,55.1,55.8,54.3,54.6,54.9,952164.0,523.44
2014-10-08,56.0,57.25,54.7,55.0,54.95,3227813.0,1795.26
2014-10-07,52.5,53.8,52.15,53.3,53.35,1161193.0,616.48
2014-10-01,52.65,53.8,51.8,51.95,52.0,667931.0,352.07
2014-09-30,53.85,54.15,52.3,52.6,52.55,690631.0,368.49
2014-09-29,54.4,54.9,52.55,53.4,53.55,2084992.0,1123.25
2014-09-26,50.7,54.55,50.5,54.5,53.9,1369030.0,721.01
2014-09-25,54.0,54.3,50.35,51.0,50.85,976741.0,508.06
2014-09-24,55.2,55.9,53.25,53.85,53.65,971201.0,526.84
2014-09-23,58.1,58.6,55.1,55.4,55.4,901188.0,509.86
2014-09-22,55.7,58.5,55.1,58.2,57.95,1758051.0,1011.17
2014-09-19,58.9,58.95,55.5,56.1,56.0,2602875.0,1475.16
2014-09-18,57.35,59.5,57.0,58.5,58.4,2311607.0,1351.09
2014-09-17,55.6,57.2,54.85,56.55,56.45,1810006.0,1013.19
2014-09-16,59.2,60.5,54.2,54.8,54.9,4325505.0,2528.51
2014-09-15,57.35,59.35,56.5,58.7,58.6,2289283.0,1332.93
2014-09-12,58.0,59.15,57.3,57.4,57.7,2350420.0,1368.38
2014-09-11,56.0,59.7,55.6,57.5,57.55,3795557.0,2218.11
2014-09-10,57.0,57.8,56.15,56.9,56.9,1238391.0,707.29
2014-09-09,56.4,58.5,55.55,56.8,57.1,2064328.0,1178.06
2014-09-08,55.5,56.5,55.25,56.1,56.15,1302456.0,728.84
2014-09-05,54.15,56.0,54.15,55.0,55.05,1103517.0,609.12
2014-09-04,55.0,55.0,53.7,54.2,54.15,900104.0,487.75
2014-09-03,55.85,56.65,54.95,55.15,55.15,939722.0,523.04
2014-09-02,56.9,57.9,55.8,56.0,56.4,2013410.0,1148.87
2014-09-01,53.4,56.7,53.4,56.5,55.9,1037314.0,573.45
2014-08-28,54.65,55.95,53.55,53.75,53.9,1020556.0,558.95
2014-08-27,54.0,55.65,54.0,55.0,54.9,1120143.0,614.12
2014-08-26,55.1,55.3,53.6,54.0,53.9,803717.0,436.76
2014-08-25,56.25,57.2,55.3,56.1,55.65,1026976.0,578.76
2014-08-22,57.25,58.7,56.15,56.4,56.55,2210659.0,1267.96
2014-08-21,59.25,59.25,57.1,57.3,57.4,1561438.0,905.15
2014-08-20,62.25,62.25,58.8,58.95,59.25,2493223.0,1487.47
2014-08-19,63.0,63.7,61.25,61.9,62.1,8283914.0,5182.92
2014-08-18,53.75,61.15,53.05,61.0,59.95,5097796.0,2944.56
2014-08-14,53.0,54.75,52.9,53.6,53.8,6010525.0,3237.79
2014-08-13,50.35,51.7,48.05,48.8,49.0,1691845.0,850.83
2014-08-12,50.5,50.75,50.1,50.1,50.3,475281.0,239.62
2014-08-11,51.25,51.6,50.05,50.1,50.15,544982.0,276.29
2014-08-08,52.0,52.0,50.25,50.4,50.55,1507900.0,773.63
2014-08-07,51.4,52.2,50.25,51.9,51.75,1160757.0,594.71
2014-08-06,52.05,52.65,51.6,51.8,51.85,813868.0,424.21
2014-08-05,50.55,52.7,50.55,51.85,51.75,911418.0,471.91
2014-08-04,50.7,51.5,50.0,50.75,50.6,639612.0,324.12
2014-08-01,50.9,51.7,50.2,50.9,50.65,770916.0,392.46
2014-07-31,52.75,52.9,51.05,51.15,51.25,537972.0,278.88
2014-07-30,50.5,53.0,50.1,52.5,52.5,1237821.0,636.02
2014-07-28,52.05,52.8,50.75,51.0,50.95,676622.0,348.91
2014-07-25,53.7,54.2,51.1,51.5,51.7,829912.0,434.9
2014-07-24,54.75,55.55,53.15,53.6,53.55,1189097.0,646.19
2014-07-23,55.85,56.3,53.5,54.3,54.4,1405616.0,768.21
2014-07-22,57.3,57.8,55.25,55.45,55.6,2139776.0,1217.32
2014-07-21,55.1,57.25,54.85,56.85,56.6,1742252.0,977.8
2014-07-18,55.4,55.55,54.6,55.0,55.0,1017824.0,560.69
2014-07-17,54.05,56.7,53.85,56.0,56.0,2685901.0,1490.78
2014-07-16,53.3,54.45,52.7,54.4,54.2,1568271.0,842.41
2014-07-15,51.95,53.4,51.95,53.25,53.1,1891893.0,997.74
2014-07-14,53.4,53.8,50.8,51.6,51.4,2126372.0,1102.37
2014-07-11,59.6,60.6,53.35,53.65,53.8,2211199.0,1243.45
2014-07-10,60.5,62.8,57.6,59.6,59.8,3183005.0,1915.34
2014-07-09,63.3,63.65,59.1,60.5,60.35,2000319.0,1222.89
2014-07-08,67.5,68.75,61.8,62.7,63.25,5959642.0,4002.55
2014-07-07,67.6,67.9,66.0,66.75,66.7,2997085.0,2004.15
2014-07-04,65.5,68.0,65.0,67.25,67.2,4944305.0,3301.19
2014-07-03,65.0,66.4,63.85,65.1,65.3,2974902.0,1941.83
2014-07-02,66.9,67.2,64.5,64.7,64.85,1874805.0,1231.82
2014-07-01,65.65,67.4,65.55,66.2,66.3,1441820.0,959.41
2014-06-30,64.6,66.7,63.25,65.05,65.35,1600126.0,1048.87
2014-06-27,67.25,67.65,65.0,65.3,65.3,1396142.0,922.12
2014-06-26,68.55,69.5,66.65,67.25,67.2,1992712.0,1360.24
2014-06-25,67.2,69.5,66.25,67.85,67.7,3174959.0,2163.34
2014-06-24,67.85,68.15,65.9,66.85,67.0,1961582.0,1320.83
2014-06-23,67.05,68.3,66.0,67.4,67.3,2248692.0,1512.46
2014-06-20,69.15,70.35,66.0,66.4,66.45,5084980.0,3495.55
2014-06-19,66.6,68.95,65.2,68.2,68.15,4267618.0,2874.47
2014-06-18,68.55,70.65,64.5,65.9,66.2,6717435.0,4574.94
2014-06-17,63.1,70.9,61.75,68.3,67.95,12194999.0,8157.28
2014-06-16,58.5,63.1,55.75,62.65,62.55,3443341.0,2081.43
2014-06-13,62.05,63.3,58.35,58.8,58.95,2505275.0,1518.58
2014-06-12,61.95,65.2,61.1,62.5,62.6,4240919.0,2680.88
2014-06-11,60.5,64.5,60.15,61.9,61.95,5476077.0,3423.17
2014-06-10,61.4,61.75,58.0,60.0,60.05,3320092.0,1988.78
2014-06-09,58.05,62.85,57.4,60.5,60.75,9085143.0,5525.37
2014-06-06,58.1,58.85,57.0,57.55,57.6,2204194.0,1276.24
2014-06-05,59.6,60.15,57.2,57.95,58.1,2902693.0,1703.49
2014-06-04,57.1,60.6,57.1,58.9,59.15,11077033.0,6552.37
2014-06-03,53.95,56.3,52.85,55.45,55.75,4669163.0,2559.88
2014-06-02,53.1,54.3,52.8,53.3,53.4,1434363.0,766.94
2014-05-30,53.25,54.5,52.3,52.5,52.55,1705945.0,910.83
2014-05-29,54.25,55.0,52.3,52.55,52.55,2382939.0,1278.63
2014-05-28,50.1,54.8,50.0,53.9,53.85,5666529.0,3022.96
2014-05-27,52.85,52.85,48.0,49.9,50.35,2140503.0,1068.11
2014-05-26,55.5,56.45,48.0,52.9,52.4,3644791.0,1979.47
2014-05-23,53.7,56.7,53.3,54.5,54.5,3095115.0,1705.35
2014-05-22,56.2,56.7,52.8,53.2,53.25,3947567.0,2173.77
2014-05-21,50.75,57.5,50.7,54.8,55.05,10837733.0,5938.48
2014-05-20,47.5,51.95,46.4,50.0,50.05,8378762.0,4193.2
2014-05-19,43.9,46.8,43.15,46.8,46.4,5606523.0,2552.79
2014-05-16,40.0,41.7,39.1,40.65,40.35,1301054.0,523.99
2014-05-15,40.55,41.7,38.75,38.95,39.05,1102309.0,437.86
2014-05-14,37.25,42.3,36.6,40.65,40.4,3863186.0,1549.46
2014-05-13,36.0,37.6,36.0,36.8,36.9,663280.0,244.55
2014-05-12,35.5,36.5,35.0,35.55,35.8,447195.0,160.24
2014-05-09,34.05,35.3,33.9,35.25,35.1,243621.0,84.63
2014-05-08,34.2,34.55,33.8,34.3,34.05,133761.0,45.7
2014-05-07,34.0,34.7,34.0,34.3,34.2,148976.0,51.08
2014-05-06,34.3,34.9,34.1,34.1,34.2,162501.0,55.84
2014-05-05,34.8,35.3,34.4,34.8,34.6,214063.0,74.34
2014-05-02,35.45,35.45,34.5,34.75,34.75,138390.0,48.37
2014-04-30,35.6,36.7,34.55,35.05,34.9,377371.0,134.16
2014-04-29,35.65,36.0,35.25,35.35,35.35,278063.0,98.92
2014-04-28,35.1,36.3,35.1,35.7,35.7,266581.0,95.09
2014-04-25,36.75,36.8,35.2,35.55,35.45,374904.0,134.58
2014-04-23,36.0,37.7,36.0,36.75,36.65,547399.0,202.56
2014-04-22,35.5,36.3,35.5,35.75,35.75,240325.0,86.39
2014-04-21,36.1,36.5,35.55,35.6,35.7,234793.0,84.52
2014-04-17,35.45,36.15,35.1,35.8,35.7,251495.0,89.75
2014-04-16,36.8,37.0,35.05,35.05,35.2,433708.0,155.56
2014-04-15,38.4,38.6,36.4,36.8,36.65,558158.0,209.3
2014-04-11,35.5,39.15,35.1,38.0,38.05,2043830.0,770.57
2014-04-10,36.1,36.45,35.5,35.7,35.85,527677.0,190.39
2014-04-09,34.95,36.5,34.35,35.95,35.95,827614.0,295.28
2014-04-07,34.95,35.7,34.1,34.45,34.6,409448.0,142.37
2014-04-04,33.4,35.5,33.1,34.75,34.7,983693.0,341.36
2014-04-03,34.15,34.3,33.3,33.6,33.45,229036.0,77.25
2014-04-02,33.95,34.5,33.65,34.1,34.15,436509.0,148.92
2014-04-01,33.55,34.5,33.1,34.0,33.8,823953.0,280.12
2014-03-31,32.8,33.3,32.7,33.1,33.15,250326.0,82.71
2014-03-28,32.5,32.9,32.3,32.85,32.75,236945.0,77.24
2014-03-27,32.15,32.7,32.05,32.1,32.15,157446.0,50.93
2014-03-26,32.8,32.9,31.85,31.95,32.1,255220.0,82.75
2014-03-25,32.7,33.2,32.5,32.7,33.0,553211.0,181.87
2014-03-24,32.45,32.75,32.0,32.35,32.35,343592.0,110.85
2014-03-22,33.7,33.95,32.45,32.55,32.55,218388.0,72.29
2014-03-21,32.65,33.65,32.4,33.35,33.2,620876.0,205.46
2014-03-20,32.1,32.7,32.05,32.5,32.45,346950.0,112.4
2014-03-19,32.1,32.7,31.95,32.3,32.3,254909.0,82.45
2014-03-18,31.75,32.2,31.75,31.85,31.9,176374.0,56.41
2014-03-14,31.85,32.2,31.65,31.8,31.8,152186.0,48.55
2014-03-13,31.85,32.9,31.6,32.1,32.0,654577.0,212.0
2014-03-12,31.8,31.9,31.4,31.65,31.7,163306.0,51.66
2014-03-11,31.7,32.1,31.7,31.85,31.8,169140.0,53.88
2014-03-10,31.85,32.25,31.6,31.8,31.9,222156.0,71.03
2014-03-07,31.65,33.1,31.65,31.75,31.95,878732.0,285.14
2014-03-06,31.6,31.85,31.1,31.6,31.55,193346.0,61.07
2014-03-05,31.3,31.55,31.25,31.4,31.35,162754.0,51.04
2014-03-04,31.3,31.65,31.0,31.35,31.45,395686.0,124.29
2014-03-03,32.2,32.2,31.05,31.1,31.2,223708.0,70.59
2014-02-28,32.9,33.7,31.65,32.3,32.35,2002049.0,655.91
2014-02-26,30.7,32.4,30.7,32.4,32.15,1104548.0,349.59
2014-02-25,30.6,30.8,30.3,30.5,30.6,81343.0,24.91
2014-02-24,30.75,31.0,30.3,30.65,30.65,124368.0,38.19
2014-02-21,30.9,31.3,30.75,31.0,31.05,131591.0,40.81
2014-02-20,30.45,31.3,30.35,31.25,31.2,289122.0,89.54
2014-02-19,30.35,30.7,30.35,30.5,30.55,106349.0,32.5
2014-02-18,30.5,30.75,30.25,30.4,30.45,171434.0,52.28
2014-02-17,30.4,31.25,30.2,30.3,30.5,220137.0,67.59
2014-02-14,30.5,30.9,30.25,30.35,30.4,146234.0,44.5
2014-02-13,31.25,31.4,30.5,30.65,30.6,198144.0,60.96
2014-02-12,31.5,31.85,30.75,31.1,31.1,548965.0,171.24
2014-02-11,31.6,31.6,31.15,31.15,31.2,91317.0,28.57
2014-02-10,31.5,31.7,31.2,31.4,31.35,112339.0,35.4
2014-02-07,31.8,32.1,31.35,31.55,31.5,193096.0,61.22
2014-02-06,33.3,33.5,31.65,31.75,31.8,876796.0,284.3
2014-02-05,30.7,32.4,30.5,32.1,31.9,479500.0,150.61
2014-02-04,30.7,30.9,30.2,30.6,30.5,216939.0,66.09
2014-02-03,31.0,31.2,30.6,30.75,30.7,160690.0,49.66
2014-01-31,31.1,31.55,30.9,31.1,31.05,262631.0,81.84
2014-01-30,31.1,32.05,30.6,30.95,31.0,980520.0,307.98
2014-01-29,31.3,32.1,31.1,31.25,31.2,404876.0,127.5
2014-01-28,31.2,31.65,31.05,31.05,31.15,239303.0,74.84
2014-01-27,31.55,32.45,31.0,31.15,31.15,483231.0,153.02
2014-01-24,32.55,33.2,32.0,32.05,32.1,384014.0,124.66
2014-01-23,33.65,33.85,32.25,32.6,32.65,943225.0,312.96
2014-01-22,31.75,34.8,31.45,33.7,34.2,2746339.0,923.49
2014-01-21,31.65,32.1,31.45,31.7,31.6,263045.0,83.47
2014-01-20,31.9,32.15,31.15,31.55,31.6,388291.0,122.61
2014-01-17,32.15,32.5,31.6,31.65,31.75,208951.0,66.99
2014-01-16,32.5,32.7,32.3,32.35,32.35,172620.0,56.07
2014-01-15,32.2,32.9,32.2,32.4,32.4,213822.0,69.65
2014-01-14,32.85,33.35,32.45,32.5,32.5,294645.0,96.56
2014-01-13,33.0,33.35,32.6,32.8,32.85,182582.0,60.29
2014-01-10,33.6,34.0,33.05,33.15,33.15,482377.0,161.96
2014-01-09,33.5,35.1,33.2,33.65,33.8,969101.0,329.53
2014-01-08,34.15,34.15,33.5,33.55,33.6,289005.0,97.53
2014-01-07,34.7,35.2,33.4,33.75,33.8,538898.0,183.28
2014-01-06,34.5,35.8,34.3,34.35,34.4,134606.0,46.5
2014-01-03,34.8,34.95,33.9,34.4,34.45,180520.0,62.1
2014-01-02,36.05,36.8,34.4,34.8,34.75,715745.0,257.15
2014-01-01,35.4,36.6,35.3,36.05,35.9,431371.0,155.28
2013-12-31,35.3,36.0,34.85,35.5,35.6,384314.0,136.44
2013-12-30,35.85,36.3,35.25,35.4,35.45,1252456.0,448.02
2013-12-27,33.55,35.35,33.5,35.25,34.65,452747.0,155.96
2013-12-26,33.8,34.3,33.5,33.7,33.8,227457.0,77.21
2013-12-24,33.2,33.85,33.2,33.65,33.55,158339.0,53.13
2013-12-23,33.1,33.75,33.1,33.45,33.5,224253.0,75.09
2013-12-20,32.5,33.35,32.5,32.9,33.15,307103.0,101.35
2013-12-19,33.6,33.95,32.5,32.7,32.6,349653.0,115.24
2013-12-18,33.0,34.65,32.8,33.6,33.7,616972.0,208.18
2013-12-17,33.85,33.85,33.0,33.0,33.15,173240.0,57.73
2013-12-16,34.2,34.2,33.0,33.4,33.5,213811.0,71.83
2013-12-13,35.55,36.0,33.6,34.0,33.95,527978.0,184.46
2013-12-12,35.85,36.45,35.2,35.2,35.4,486749.0,174.73
2013-12-11,36.0,37.1,35.7,35.75,36.0,1572872.0,572.27
2013-12-10,34.6,36.25,34.5,35.75,35.65,1189722.0,423.43
2013-12-09,35.05,35.8,34.35,34.5,34.55,658674.0,229.82
2013-12-06,33.05,34.25,33.05,34.0,34.0,284657.0,95.95
2013-12-05,33.5,33.65,33.05,33.15,33.15,146412.0,48.81
2013-12-04,32.8,34.35,32.8,33.25,33.25,547107.0,184.44
2013-12-03,33.05,33.3,32.75,32.9,32.8,126149.0,41.68
2013-12-02,33.4,33.55,32.9,33.05,33.1,179870.0,59.76
2013-11-29,33.05,33.8,33.05,33.25,33.3,197296.0,65.89
2013-11-28,33.15,33.75,32.9,33.0,33.1,184121.0,61.08
2013-11-27,32.9,34.2,32.9,33.25,33.4,584619.0,196.6
2013-11-26,32.95,33.5,32.4,32.5,32.6,203702.0,67.07
2013-11-25,33.0,33.55,32.65,32.95,32.95,140255.0,46.35
2013-11-22,33.85,34.1,32.6,32.75,32.8,173266.0,57.92
2013-11-21,33.9,35.4,33.45,33.55,33.65,1255880.0,430.2
2013-11-20,31.85,34.0,31.85,33.6,33.45,742462.0,247.74
2013-11-19,31.9,32.4,31.85,32.15,32.25,189223.0,60.92
2013-11-18,31.45,32.0,31.45,31.9,31.9,134626.0,42.75
2013-11-14,30.7,31.75,30.7,31.25,31.35,168303.0,52.66
2013-11-13,31.15,31.55,30.65,30.85,30.8,140854.0,43.89
2013-11-12,32.0,32.3,31.1,31.3,31.15,159167.0,50.28
2013-11-11,32.1,32.65,31.5,31.9,31.95,164998.0,53.14
2013-11-08,33.05,33.85,32.1,32.15,32.3,623915.0,204.64
2013-11-07,34.2,34.95,32.7,33.15,33.05,480684.0,163.98
2013-11-06,34.1,35.2,34.05,34.1,34.2,428255.0,147.95
2013-11-05,32.9,34.8,32.85,34.35,34.25,706691.0,242.04
2013-11-03,33.5,33.55,32.65,33.0,33.05,151894.0,50.33
2013-11-01,31.9,33.45,31.85,32.8,32.95,376110.0,123.2
2013-10-31,31.7,32.6,31.7,32.3,32.15,170362.0,54.78
2013-10-30,31.55,32.3,31.4,31.75,31.85,171502.0,54.79
2013-10-29,31.1,31.8,31.1,31.65,31.6,122620.0,38.64
2013-10-28,32.1,32.7,31.2,31.35,31.35,158859.0,50.62
2013-10-25,32.3,33.25,32.25,32.5,32.35,286924.0,93.82
2013-10-24,33.4,34.15,32.6,32.6,32.8,472461.0,157.86
2013-10-23,32.3,33.7,32.2,33.3,33.4,757014.0,251.24
2013-10-22,32.0,32.65,32.0,32.35,32.3,226173.0,73.23
2013-10-21,31.95,32.65,31.8,31.9,32.1,293987.0,94.58
2013-10-18,31.15,32.25,31.15,31.8,32.0,551375.0,175.64
2013-10-17,31.25,31.75,31.05,31.1,31.1,155499.0,48.72
2013-10-15,31.45,32.35,31.0,31.25,31.2,442400.0,140.22
2013-10-14,31.25,32.1,31.25,31.6,31.5,288171.0,91.14
2013-10-11,31.7,32.2,31.1,31.2,31.2,414311.0,131.18
2013-10-10,31.0,32.2,31.0,31.45,31.5,407535.0,129.23
2013-10-09,31.0,31.65,30.9,31.05,31.1,246659.0,77.09
2013-10-08,31.2,31.65,31.0,31.1,31.1,161447.0,50.62
2013-10-07,31.1,31.75,30.9,31.25,31.3,126710.0,39.65
2013-10-04,31.5,31.9,31.0,31.3,31.25,227670.0,71.6
2013-10-03,31.0,31.95,31.0,31.7,31.75,270241.0,85.44
2013-10-01,30.5,31.65,30.5,31.1,31.2,263939.0,82.17
2013-09-30,31.0,31.8,30.4,30.75,30.75,322615.0,100.0
2013-09-27,31.5,32.45,31.05,31.2,31.3,264288.0,83.71
2013-09-26,30.6,32.7,30.5,31.7,31.8,907150.0,288.45
2013-09-25,31.0,31.15,30.45,30.6,30.65,116935.0,35.92
2013-09-24,30.65,31.4,30.3,31.25,30.95,252810.0,77.95
2013-09-23,31.0,31.4,30.4,30.65,30.65,197151.0,60.99
2013-09-20,31.5,32.1,28.6,31.05,31.1,499178.0,155.33
2013-09-19,31.3,31.9,31.05,31.3,31.3,284705.0,89.27
2013-09-18,31.0,31.4,30.65,30.75,30.9,147167.0,45.63
2013-09-17,31.5,31.75,30.8,30.85,30.95,125469.0,38.97
2013-09-16,32.7,33.05,31.0,31.35,31.5,364307.0,116.73
2013-09-13,31.0,33.2,30.8,32.25,32.5,780198.0,250.92
2013-09-12,31.0,32.0,30.7,31.1,31.05,346797.0,108.55
2013-09-11,31.0,31.5,30.1,31.2,31.1,393653.0,121.68
2013-09-10,31.0,31.65,30.85,30.95,31.0,336003.0,104.7
2013-09-06,30.6,32.1,29.75,30.9,30.8,996930.0,308.92
2013-09-05,30.0,31.5,29.8,30.55,30.5,601285.0,182.96
2013-09-04,29.3,30.0,29.05,29.4,29.4,276902.0,81.58
2013-09-03,30.8,31.0,29.2,29.6,29.5,329207.0,99.42
2013-09-02,31.6,31.7,30.25,30.6,30.7,464365.0,143.13
2013-08-30,30.4,32.55,30.4,31.2,31.35,2617503.0,827.79
2013-08-29,27.0,29.5,26.85,29.0,28.7,273898.0,76.74
2013-08-28,27.0,27.45,26.25,27.4,27.15,180781.0,48.49
2013-08-27,28.1,28.25,27.35,27.8,27.6,187525.0,51.93
2013-08-26,28.0,29.2,28.0,28.5,28.55,278131.0,79.33
2013-08-23,27.55,28.7,27.3,27.6,27.65,351195.0,97.92
2013-08-22,27.1,27.55,26.85,27.5,27.4,169558.0,46.17
2013-08-21,27.85,28.4,27.1,27.6,27.35,190746.0,53.08
2013-08-20,27.6,28.15,27.2,27.8,27.75,353364.0,97.86
2013-08-19,28.45,29.2,27.2,28.0,28.0,276112.0,77.6
2013-08-16,31.0,32.0,28.95,29.45,29.3,607692.0,183.23
2013-08-14,29.05,31.9,29.0,31.15,31.15,807491.0,248.92
2013-08-13,29.1,29.5,28.85,29.1,29.1,188596.0,54.9
2013-08-12,28.4,29.8,28.4,29.25,29.15,285716.0,83.34
2013-08-08,27.75,28.8,27.35,28.2,28.35,370119.0,104.55
2013-08-07,27.0,28.0,26.8,27.65,27.8,270843.0,74.34
2013-08-06,25.6,28.05,25.6,27.0,26.85,389397.0,104.55
2013-08-05,27.4,27.7,26.2,27.7,26.75,367835.0,98.48
2013-08-02,27.45,27.7,26.5,27.05,27.0,340840.0,91.7
2013-08-01,28.0,28.6,27.0,27.25,27.4,329860.0,91.55
2013-07-31,28.0,28.3,27.15,27.95,27.85,390252.0,107.76
2013-07-30,29.25,29.6,28.05,28.55,28.3,263533.0,75.49
2013-07-29,30.2,30.45,29.5,29.95,29.6,201806.0,60.27
2013-07-26,30.6,30.9,30.0,30.1,30.15,174869.0,53.06
2013-07-25,30.8,30.9,30.3,30.7,30.6,167005.0,51.01
2013-07-24,31.5,31.7,30.3,30.7,30.65,219098.0,67.59
2013-07-23,32.05,32.4,31.6,31.8,31.8,132644.0,42.34
2013-07-22,32.95,32.95,31.75,32.0,32.0,134077.0,43.26
2013-07-19,32.55,32.9,31.95,32.4,32.2,222030.0,71.68
2013-07-18,33.0,33.9,32.55,32.7,32.8,214622.0,70.64
2013-07-17,33.55,34.0,31.5,32.3,32.25,308061.0,101.43
2013-07-16,33.55,35.25,32.85,33.4,33.6,413510.0,140.24
2013-07-15,34.15,34.7,33.95,34.45,34.4,152735.0,52.43
2013-07-12,34.6,34.75,33.9,34.1,34.15,110826.0,37.91
2013-07-11,34.25,35.1,34.25,35.1,34.7,144392.0,50.02
2013-07-10,34.55,34.9,33.6,33.65,33.9,86839.0,29.7
2013-07-09,35.0,35.0,34.05,34.45,34.55,147270.0,50.8
2013-07-08,33.35,34.8,33.35,34.7,34.5,237712.0,81.42
2013-07-05,34.0,34.45,33.5,33.8,33.7,83512.0,28.35
2013-07-04,33.1,34.45,33.1,33.9,33.95,111741.0,37.95
2013-07-03,34.05,34.05,33.0,33.4,33.45,124203.0,41.35
2013-07-02,34.15,34.5,34.0,34.05,34.15,142454.0,48.72
2013-07-01,33.2,34.6,33.05,34.4,34.4,217417.0,74.35
2013-06-28,31.05,33.45,31.0,33.3,33.05,444410.0,144.06
2013-06-27,31.3,31.5,30.5,31.15,31.2,193620.0,60.32
2013-06-26,32.55,33.3,30.55,30.8,30.75,302012.0,95.73
2013-06-25,34.1,34.95,32.5,32.7,32.8,249782.0,83.79
2013-06-24,35.0,35.9,34.2,34.2,34.8,156837.0,54.53
2013-06-21,35.1,36.4,35.0,35.25,35.45,206543.0,73.64
2013-06-20,35.8,35.95,35.2,35.3,35.4,180249.0,63.95
2013-06-19,37.25,37.5,36.1,36.1,36.25,318673.0,116.46
2013-06-18,37.5,38.45,37.1,37.1,37.25,228026.0,86.25
2013-06-17,38.05,38.4,36.8,37.7,37.5,190161.0,71.04
2013-06-14,38.0,38.6,38.0,38.2,38.15,76526.0,29.28
2013-06-13,38.5,38.7,37.7,37.85,38.0,133105.0,50.72
2013-06-12,38.0,39.4,37.6,39.3,38.95,165853.0,63.78
2013-06-11,39.0,39.2,38.0,38.25,38.2,110875.0,42.46
2013-06-10,40.0,40.4,38.7,39.0,39.0,117332.0,46.35
2013-06-07,40.1,40.5,39.55,39.6,39.7,175662.0,70.34
2013-06-06,40.1,40.3,39.5,39.75,39.9,322978.0,129.12
2013-06-05,39.8,41.4,39.65,41.3,40.9,625294.0,253.55
2013-06-04,39.5,40.25,39.5,39.55,39.65,153165.0,60.97
2013-06-03,39.1,40.0,38.5,39.7,39.4,215568.0,84.48
2013-05-31,39.7,39.7,38.55,38.8,38.7,89687.0,35.08
2013-05-30,40.0,40.35,39.45,39.5,39.65,85076.0,33.92
2013-05-29,40.1,40.6,39.55,40.0,40.25,156398.0,62.55
2013-05-28,39.25,40.65,39.25,40.1,40.0,252988.0,101.49
2013-05-27,39.05,39.9,39.05,39.9,39.6,101760.0,40.26
2013-05-24,38.35,39.7,38.35,39.55,39.45,277279.0,108.74
2013-05-23,39.75,39.8,38.25,38.7,38.5,169313.0,65.57
2013-05-22,40.2,40.85,39.65,40.0,39.95,132954.0,53.48
2013-05-21,40.55,40.95,40.0,40.25,40.15,174284.0,70.21
2013-05-20,40.25,42.0,40.25,41.2,40.9,404694.0,167.12
2013-05-17,40.85,41.2,40.2,40.25,40.45,178693.0,72.8
2013-05-16,41.2,41.35,40.7,40.8,40.8,168679.0,69.21
2013-05-15,41.3,41.8,40.95,41.2,41.1,336082.0,138.68
2013-05-14,40.65,41.85,40.65,41.25,41.05,431884.0,177.8
2013-05-13,42.2,42.7,39.5,40.0,40.0,565127.0,233.64
2013-05-11,41.3,43.2,41.3,42.1,42.45,1162294.0,494.62
2013-05-10,40.25,41.5,40.1,41.15,41.05,467398.0,191.88
2013-05-09,38.8,41.2,38.8,40.55,40.55,464503.0,188.69
2013-05-08,39.9,40.8,39.05,39.95,40.0,366745.0,146.61
2013-05-07,38.3,40.3,38.3,39.3,39.45,322041.0,127.64
2013-05-06,38.15,38.75,38.1,38.75,38.55,89125.0,34.27
2013-05-03,38.5,38.75,38.05,38.1,38.25,132199.0,50.68
2013-05-02,38.3,39.1,38.3,38.5,38.45,162792.0,62.82
2013-04-30,39.7,39.85,38.6,38.85,38.8,231652.0,90.49
2013-04-29,39.0,40.3,39.0,39.65,39.65,194510.0,77.16
2013-04-26,40.35,40.5,39.2,39.35,39.3,182487.0,72.54
2013-04-25,40.5,41.35,40.1,40.4,40.3,415444.0,168.82
2013-04-23,38.8,41.5,38.8,40.3,40.4,1183083.0,476.54
2013-04-22,38.45,38.9,38.15,38.9,38.7,187365.0,72.12
2013-04-18,38.1,38.5,37.7,37.9,38.0,173028.0,65.81
2013-04-17,38.0,39.2,38.0,38.2,38.2,179165.0,69.05
2013-04-16,37.25,38.35,37.25,38.0,37.95,119740.0,45.35
2013-04-15,37.75,38.05,37.2,37.65,37.65,100466.0,37.82
2013-04-12,37.95,37.95,37.4,37.65,37.55,112925.0,42.5
2013-04-11,38.5,38.95,37.75,38.15,38.15,173248.0,66.2
2013-04-10,38.2,38.8,37.4,37.75,37.75,141761.0,53.5
2013-04-09,38.8,39.15,38.0,38.15,38.1,174262.0,67.35
2013-04-08,39.0,39.35,38.65,38.85,38.75,80721.0,31.41
2013-04-05,38.1,39.3,38.1,38.6,38.75,205882.0,79.87
2013-04-04,38.45,39.15,38.25,38.4,38.55,213815.0,82.79
2013-04-03,39.05,40.75,39.0,39.2,39.2,528784.0,211.13
2013-04-02,38.5,39.8,38.2,39.4,39.5,467328.0,184.15
2013-04-01,36.4,38.8,36.2,38.2,38.35,401720.0,152.27
2013-03-28,35.4,36.75,35.2,36.75,36.4,209759.0,75.6
2013-03-26,36.35,36.35,35.4,35.65,35.55,315058.0,112.81
2013-03-25,38.0,39.0,36.15,36.2,36.35,405990.0,149.16
2013-03-22,36.95,36.95,35.55,36.05,36.05,482996.0,173.86
2013-03-21,38.6,38.9,36.7,36.8,36.95,430229.0,162.13
2013-03-20,39.9,40.05,38.45,38.6,38.5,556926.0,216.4
2013-03-19,41.25,41.5,39.7,39.95,39.85,499936.0,201.08
2013-03-18,42.0,42.4,40.85,40.9,40.95,405960.0,167.34
2013-03-15,43.1,43.5,42.45,42.5,42.55,430367.0,184.67
2013-03-14,43.05,43.45,42.75,43.0,43.05,434281.0,187.12
2013-03-13,44.0,44.0,43.0,43.15,43.05,448277.0,194.22
2013-03-12,45.15,45.2,43.75,43.8,43.9,644372.0,285.49
2013-03-11,45.45,45.45,44.6,44.7,44.75,787437.0,353.27
2013-03-08,44.6,46.4,44.6,45.4,45.45,3183513.0,1455.24
2013-03-07,44.8,45.6,43.25,43.85,43.9,1097430.0,487.06
2013-03-06,44.85,46.8,44.25,44.7,44.55,1096160.0,495.42
2013-03-05,45.0,45.5,44.05,44.4,44.45,281684.0,125.56
2013-03-04,45.95,46.7,44.25,44.55,44.5,203682.0,91.58
2013-03-01,47.25,47.9,45.5,45.95,45.7,237305.0,110.38
2013-02-28,48.75,50.7,46.8,47.3,47.4,405186.0,199.18
2013-02-27,49.0,49.0,47.1,48.4,48.45,193511.0,93.63
2013-02-26,49.9,49.9,48.35,48.45,48.5,118605.0,58.12
2013-02-25,50.8,51.45,49.4,49.65,49.65,120714.0,60.62
2013-02-22,51.35,51.7,50.25,50.85,50.8,137367.0,70.13
2013-02-21,52.15,52.4,50.9,51.0,51.15,255710.0,132.2
2013-02-20,52.35,52.7,51.2,52.0,52.15,249593.0,129.64
2013-02-19,51.5,51.9,51.05,51.8,51.6,234250.0,120.72
2013-02-18,50.05,51.95,50.0,51.0,50.95,312992.0,160.17
2013-02-15,50.45,50.45,49.4,49.7,49.65,126691.0,63.03
2013-02-14,50.85,51.65,50.0,50.2,50.15,134752.0,68.28
2013-02-13,52.1,52.6,51.25,51.3,51.4,194020.0,100.85
2013-02-12,53.8,53.9,51.45,51.75,51.7,380239.0,199.07
2013-02-11,51.8,54.95,50.65,53.6,53.75,1304517.0,696.88
2013-02-08,51.95,52.35,50.65,51.0,51.25,174474.0,90.05
2013-02-07,53.4,53.4,51.8,51.9,51.9,109459.0,57.31
2013-02-06,53.65,53.8,52.6,52.75,52.75,130947.0,69.61
2013-02-05,54.0,54.8,52.8,52.8,53.05,391299.0,209.4
2013-02-04,53.55,54.15,52.6,53.15,53.55,224603.0,119.79
2013-02-01,53.3,54.1,52.9,53.0,53.05,136347.0,72.78
2013-01-31,53.8,53.8,52.85,53.05,53.15,100381.0,53.32
2013-01-30,53.0,53.9,52.9,53.25,53.2,127217.0,67.96
2013-01-29,53.95,54.4,52.5,52.9,52.85,99797.0,53.21
2013-01-28,53.95,54.5,53.4,53.5,53.55,89264.0,47.98
2013-01-25,53.35,54.0,52.4,53.55,53.75,149205.0,79.56
2013-01-24,55.35,55.6,52.55,52.65,53.2,219959.0,118.59
2013-01-23,56.0,56.0,54.3,54.95,55.0,187168.0,102.47
2013-01-22,55.85,55.9,54.7,54.7,55.1,278935.0,153.94
2013-01-21,56.9,57.2,55.1,55.6,55.65,546487.0,305.74
2013-01-18,54.1,55.9,53.65,55.45,55.2,459050.0,252.68
2013-01-17,54.15,54.25,53.1,53.85,53.85,143635.0,77.37
2013-01-16,55.25,55.4,53.65,53.85,54.0,161753.0,88.23
2013-01-15,55.7,55.7,54.75,54.9,54.9,211029.0,116.48
2013-01-14,55.35,55.7,54.8,55.25,55.3,140557.0,77.56
2013-01-11,55.4,55.45,54.55,54.9,55.0,204535.0,112.39
2013-01-10,55.85,56.2,54.9,54.9,55.1,206438.0,114.64
2013-01-09,56.35,56.7,55.5,55.7,55.75,356906.0,200.49
2013-01-08,56.1,56.4,55.5,56.1,56.05,224985.0,125.95
2013-01-07,55.55,56.9,55.4,56.05,56.1,572079.0,321.83
2013-01-04,55.85,56.2,55.1,55.7,55.8,404055.0,225.38
2013-01-03,55.7,56.4,55.2,55.5,55.6,540830.0,302.21
2013-01-02,55.55,55.9,55.0,55.4,55.15,268708.0,149.12
2013-01-01,54.95,55.45,54.65,55.15,55.1,200769.0,110.76
2012-12-31,54.5,55.6,53.35,54.25,54.6,429520.0,235.19
2012-12-28,55.35,55.65,54.1,54.4,54.4,685366.0,376.29
2012-12-27,57.85,58.2,55.05,55.2,55.25,725836.0,409.81
2012-12-26,57.3,58.95,56.1,57.6,57.7,2243791.0,1300.72
2012-12-24,55.6,57.25,55.5,55.85,55.75,316932.0,178.55
2012-12-21,57.9,58.6,55.9,56.45,56.3,492846.0,282.59
2012-12-20,58.0,59.8,57.55,57.7,57.9,1631233.0,956.42
2012-12-19,56.05,57.7,55.85,57.3,57.25,959056.0,546.71
2012-12-18,55.3,56.1,55.0,55.3,55.2,215636.0,119.29
2012-12-17,56.9,56.9,55.3,55.9,55.85,354053.0,197.99
2012-12-14,55.6,57.45,55.4,55.8,55.8,1113419.0,628.34
2012-12-13,55.0,55.85,54.3,54.5,54.55,465161.0,256.49
2012-12-12,55.2,55.45,54.15,54.15,54.35,131546.0,71.98
2012-12-11,55.3,55.9,54.3,54.6,54.6,337336.0,186.24
2012-12-10,55.4,56.05,54.8,54.9,55.0,237282.0,131.39
2012-12-07,55.9,57.0,55.0,55.0,55.2,577462.0,321.74
2012-12-06,55.4,56.75,55.1,56.2,56.15,1239667.0,695.36
2012-12-05,55.2,55.9,54.35,54.6,54.7,484695.0,267.68
2012-12-04,53.75,55.8,53.6,54.7,54.7,621533.0,341.23
2012-12-03,53.55,54.1,53.3,53.95,53.75,280015.0,150.64
2012-11-30,52.75,53.75,52.6,53.1,53.25,318520.0,169.46
2012-11-29,52.65,52.9,52.15,52.5,52.45,154780.0,81.41
2012-11-27,52.25,53.2,52.1,52.3,52.4,258280.0,135.93
2012-11-26,51.0,53.9,50.95,52.2,52.2,570770.0,300.11
2012-11-23,51.25,51.55,50.55,50.85,50.95,104499.0,53.27
2012-11-22,50.7,52.25,50.5,51.25,51.25,410475.0,211.87
2012-11-21,50.0,51.4,50.0,50.6,50.6,153283.0,77.8
2012-11-20,51.9,51.95,50.25,50.4,50.35,146543.0,74.67
2012-11-19,52.75,52.75,51.2,51.2,51.3,206301.0,106.76
2012-11-16,53.3,53.8,52.05,52.4,52.35,209041.0,111.16
2012-11-15,53.15,53.2,52.6,53.0,52.85,115289.0,60.93
2012-11-13,53.85,53.85,53.15,53.3,53.35,88754.0,47.38
2012-11-12,53.3,53.45,52.85,53.0,53.0,158617.0,84.22
2012-11-09,53.6,54.3,52.8,53.05,53.05,225584.0,120.62
2012-11-08,53.5,54.15,53.35,53.7,53.6,253006.0,136.18
2012-11-07,54.4,54.8,54.25,54.55,54.4,159839.0,87.19
2012-11-06,54.6,55.1,54.1,54.25,54.3,315864.0,172.18
2012-11-05,55.05,55.7,54.1,54.15,54.35,368536.0,202.24
2012-11-02,54.2,55.6,54.05,54.9,55.1,591001.0,324.74
2012-11-01,53.7,54.75,53.4,54.15,54.1,223280.0,120.85
2012-10-31,53.2,54.2,53.0,53.55,53.7,272241.0,146.13
2012-10-30,54.7,54.85,53.0,53.05,53.1,253300.0,136.21
2012-10-29,54.85,55.95,54.2,54.7,54.85,1092851.0,601.28
2012-10-26,54.35,55.3,54.1,54.2,54.5,415156.0,226.69
2012-10-25,55.0,55.1,54.3,54.55,54.5,169221.0,92.33
2012-10-23,55.0,56.15,54.45,54.85,54.9,336862.0,186.16
2012-10-22,54.9,55.25,54.3,54.45,54.55,188734.0,103.13
2012-10-19,56.0,56.2,54.8,55.0,55.05,319968.0,177.41
2012-10-18,55.4,56.7,55.35,55.9,55.85,489725.0,274.97
2012-10-17,55.95,56.3,54.9,55.4,55.3,562255.0,311.56
2012-10-16,56.55,57.2,55.75,55.9,55.9,281058.0,158.78
2012-10-15,57.35,57.4,56.4,56.6,56.65,308027.0,175.07
2012-10-12,59.5,59.5,57.2,57.35,57.35,755519.0,438.54
2012-10-11,56.75,60.75,56.75,58.95,58.95,4727269.0,2808.15
2012-10-10,56.55,57.4,56.0,56.35,56.45,337612.0,190.72
2012-10-09,57.9,58.2,56.35,56.9,56.95,504348.0,289.16
2012-10-08,57.4,58.85,57.0,57.4,57.3,567981.0,328.31
2012-10-05,60.6,60.85,56.35,56.9,57.0,1030241.0,597.72
2012-10-04,60.25,61.8,60.2,60.4,60.45,660389.0,402.2
2012-10-03,60.85,61.45,60.0,60.6,60.5,631843.0,383.64
2012-10-01,60.25,61.55,59.6,60.55,60.6,675026.0,408.89
2012-09-28,62.3,62.75,59.9,60.0,60.15,1188055.0,728.93
2012-09-27,59.5,64.5,59.1,61.85,61.7,4504204.0,2786.81
2012-09-26,60.8,60.9,58.2,58.2,58.4,1309110.0,775.12
2012-09-25,58.7,61.15,57.1,60.0,60.0,2172995.0,1291.91
2012-09-24,57.1,59.2,56.55,59.0,58.2,1143390.0,660.83
2012-09-21,56.25,57.8,55.75,56.75,56.75,1310403.0,745.78
2012-09-20,54.6,57.4,53.9,55.75,55.6,1427759.0,801.32
2012-09-18,53.95,55.8,53.85,55.4,55.5,963495.0,529.78
2012-09-17,53.6,54.2,53.15,53.85,53.75,505901.0,271.72
2012-09-14,53.9,54.4,53.15,53.25,53.3,424285.0,227.4
2012-09-13,53.75,54.2,53.05,53.25,53.25,386701.0,207.26
2012-09-12,54.0,54.0,53.05,53.35,53.3,380026.0,203.07
2012-09-11,53.4,53.75,52.5,53.55,53.3,596459.0,317.8
2012-09-10,54.85,54.9,52.75,53.2,52.95,362567.0,193.31
2012-09-08,53.65,55.5,53.5,54.0,54.25,1200884.0,657.63
2012-09-07,52.25,53.35,52.1,53.1,53.05,479011.0,252.92
2012-09-06,52.25,52.45,51.6,51.95,51.8,304654.0,158.48
2012-09-05,53.0,53.25,51.6,51.75,51.75,396111.0,207.76
2012-09-04,54.8,54.8,52.2,53.0,53.2,1327831.0,706.53
2012-09-03,50.85,54.4,50.6,53.85,53.5,1297255.0,680.93
2012-08-31,50.0,51.7,50.0,50.4,50.35,1074079.0,546.81
2012-08-30,48.05,49.9,47.5,49.2,49.25,296865.0,145.09
2012-08-29,50.0,50.25,48.45,48.75,48.65,205175.0,100.65
2012-08-28,51.7,51.9,49.35,49.8,49.7,294341.0,148.29
2012-08-27,52.05,53.35,51.3,51.35,51.55,609725.0,319.04
2012-08-24,52.1,52.45,51.35,51.7,51.6,262340.0,135.88
2012-08-23,53.0,53.9,52.5,52.7,52.65,459908.0,244.28
2012-08-22,52.2,53.95,52.1,52.9,52.75,503126.0,267.83
2012-08-21,52.7,53.1,52.5,52.8,52.8,140362.0,74.1
2012-08-17,52.5,53.35,52.3,52.6,52.6,418561.0,220.89
2012-08-16,55.35,55.35,53.1,53.25,53.25,706132.0,381.84
2012-08-14,55.5,55.85,54.6,54.85,54.85,482453.0,265.83
2012-08-13,56.0,56.0,54.9,55.0,55.05,320506.0,177.03
2012-08-10,56.6,56.6,54.95,55.5,55.2,540938.0,300.93
2012-08-09,57.1,57.35,55.05,55.4,55.4,880498.0,496.27
2012-08-08,54.9,58.2,54.5,56.4,56.3,2175248.0,1232.39
2012-08-07,54.65,55.25,54.0,54.6,54.7,269531.0,147.64
2012-08-06,53.9,54.65,53.65,54.05,54.15,251129.0,136.05
2012-08-03,53.85,53.85,52.8,53.4,53.35,171002.0,91.09
2012-08-02,53.55,55.2,53.1,54.25,54.35,555943.0,301.68
2012-08-01,53.05,54.0,53.0,53.5,53.4,230171.0,123.11
2012-07-31,53.1,53.95,52.5,53.1,53.0,426906.0,226.17
2012-07-30,51.0,52.65,50.75,52.6,52.4,235515.0,121.79
2012-07-27,52.6,53.15,50.4,50.75,50.65,297555.0,154.75
2012-07-26,54.2,54.2,51.75,51.85,51.95,290545.0,153.37
2012-07-25,54.35,54.6,53.5,53.8,53.9,215598.0,116.34
2012-07-24,55.0,55.2,54.25,54.3,54.45,236832.0,129.37
2012-07-23,55.8,56.0,54.5,54.65,54.65,231532.0,127.48
2012-07-20,57.35,57.4,56.15,56.25,56.35,193880.0,109.9
2012-07-19,56.8,57.3,56.6,56.85,56.8,337537.0,192.31
2012-07-18,56.25,56.65,55.05,56.1,56.3,392910.0,219.79
2012-07-17,57.45,57.6,55.6,56.0,55.9,373308.0,211.41
2012-07-16,60.0,60.0,56.65,56.8,57.0,346032.0,199.91
2012-07-13,59.0,59.75,58.15,58.25,58.4,575012.0,339.45
2012-07-12,60.6,60.7,58.6,58.9,59.0,491162.0,292.37
2012-07-11,60.8,62.9,60.4,60.65,60.7,2068659.0,1274.05
2012-07-10,59.65,60.75,59.4,60.2,60.2,1066587.0,641.16
2012-07-09,60.85,61.5,59.5,59.6,59.65,383550.0,231.06
2012-07-06,62.0,63.2,61.25,61.8,61.8,1621248.0,1008.08
2012-07-05,60.75,62.35,60.45,61.4,61.55,1206568.0,740.96
2012-07-04,59.5,61.2,59.5,60.65,60.7,1007271.0,609.44
2012-07-03,58.95,59.95,58.55,59.25,59.2,446684.0,264.6
2012-07-02,58.5,59.45,58.1,58.65,58.6,443158.0,260.53
2012-06-29,58.05,58.75,57.55,58.4,58.45,541971.0,316.01
2012-06-28,57.4,58.45,56.9,57.55,57.65,451713.0,261.23
2012-06-27,57.4,57.75,56.5,56.65,56.7,178008.0,101.59
2012-06-26,57.15,58.0,56.6,57.0,57.05,291502.0,167.1
2012-06-25,57.75,58.2,56.5,57.35,57.15,231512.0,133.5
2012-06-22,57.6,58.1,57.0,57.2,57.35,247655.0,142.57
2012-06-21,57.75,58.4,57.5,57.85,57.85,230134.0,133.38
2012-06-20,57.95,58.6,57.6,57.8,57.75,265893.0,154.15
2012-06-19,58.75,58.95,57.4,57.7,57.7,379605.0,219.91
2012-06-18,58.05,59.4,56.85,58.15,58.1,962175.0,560.57
2012-06-15,58.25,58.8,57.0,57.2,57.2,419550.0,242.16
2012-06-14,59.4,61.2,57.65,57.65,58.05,2533055.0,1505.91
2012-06-13,58.9,59.2,57.55,58.5,58.15,808634.0,471.62
2012-06-12,57.25,59.6,57.25,58.55,58.45,339082.0,198.9
2012-06-11,59.35,60.2,58.15,58.2,58.45,514687.0,305.44
2012-06-08,59.0,59.5,58.1,58.55,58.7,329483.0,193.45
2012-06-07,59.35,60.5,58.3,59.15,59.35,1086171.0,647.91
2012-06-06,57.1,59.4,57.1,58.85,58.9,861952.0,507.1
2012-06-05,58.0,58.85,57.25,57.3,57.45,1070078.0,621.5
2012-06-04,54.0,57.75,53.7,57.3,56.7,876454.0,494.5
2012-06-01,56.0,57.25,54.1,54.7,54.45,175759.0,97.88
2012-05-31,56.75,57.5,56.5,56.6,56.65,195955.0,111.58
2012-05-30,56.8,58.3,56.25,56.65,56.9,1028674.0,590.5
2012-05-29,58.0,58.25,56.6,56.95,56.85,377197.0,216.39
2012-05-28,56.0,58.2,55.85,57.5,57.45,654853.0,374.41
2012-05-25,55.75,56.7,55.4,55.95,55.95,433631.0,242.93
2012-05-24,55.0,56.15,54.4,55.6,55.45,534335.0,295.36
2012-05-23,54.5,55.45,54.0,54.6,54.55,319360.0,175.05
2012-05-22,55.55,56.9,54.6,54.75,54.75,454719.0,253.76
2012-05-21,54.65,56.25,54.65,55.15,55.1,329743.0,182.68
2012-05-18,54.95,55.0,53.75,54.65,54.6,334228.0,182.08
2012-05-17,56.35,57.8,55.1,55.5,55.5,463694.0,261.37
2012-05-16,57.9,58.7,55.5,55.75,56.05,1252705.0,717.51
2012-05-15,53.8,60.15,53.45,57.45,57.3,3841728.0,2217.82
2012-05-14,54.1,55.55,53.65,54.1,54.0,437008.0,238.46
2012-05-11,54.95,54.95,53.2,53.55,53.5,240280.0,129.49
2012-05-10,54.25,55.8,54.2,54.55,54.6,450241.0,247.38
2012-05-09,55.2,55.2,53.0,53.65,53.85,248291.0,134.98
2012-05-08,55.75,57.85,54.95,55.1,55.2,776182.0,440.01
2012-05-07,55.0,55.4,53.35,55.25,55.1,302135.0,164.36
2012-05-04,58.0,58.3,55.3,55.7,55.75,271141.0,152.88
2012-05-03,59.8,59.8,57.65,58.05,58.05,378763.0,222.15
2012-05-02,61.0,61.65,58.25,58.7,58.7,1259931.0,755.56
2012-04-30,61.65,62.1,60.05,60.8,60.55,1317842.0,804.29
2012-04-28,56.3,63.4,56.0,60.6,61.25,3053197.0,1870.74
2012-04-27,57.7,57.7,55.6,55.7,55.9,158933.0,89.63
2012-04-26,56.75,57.7,56.35,57.3,56.9,307453.0,175.52
2012-04-25,57.85,58.0,55.5,56.3,56.05,118625.0,66.94
2012-04-24,57.35,58.35,56.2,57.5,57.1,233125.0,133.92
2012-04-23,57.9,58.6,56.75,57.65,57.2,191436.0,109.89
2012-04-20,58.25,59.25,57.2,57.8,57.7,213330.0,124.18
2012-04-19,59.8,60.2,58.35,58.55,58.55,315550.0,187.21
2012-04-18,57.8,60.85,57.8,59.55,59.45,545463.0,326.01
2012-04-17,58.5,58.9,57.5,58.55,58.5,184048.0,107.33
2012-04-16,58.0,58.6,57.25,58.5,58.1,162207.0,94.16
2012-04-13,60.0,60.25,57.7,57.8,57.95,265776.0,157.07
2012-04-12,59.2,61.0,57.25,59.75,59.55,293261.0,175.53
2012-04-11,59.7,60.75,59.05,59.5,59.25,315034.0,188.95
2012-04-10,60.35,61.4,59.75,60.2,60.35,551315.0,333.7
2012-04-09,60.3,61.25,59.1,59.55,59.65,354080.0,212.65
2012-04-04,60.5,61.8,59.65,60.35,60.4,578544.0,351.49
2012-04-03,58.05,60.75,58.0,60.2,60.3,789436.0,471.16
2012-04-02,56.95,58.5,56.5,58.35,58.05,321621.0,185.97
2012-03-30,56.0,57.2,55.85,56.1,56.45,394503.0,223.5
2012-03-29,56.0,56.8,54.85,55.15,55.55,401467.0,223.96
2012-03-28,58.7,58.7,55.5,56.1,55.85,367233.0,209.2
2012-03-27,61.3,61.3,58.2,58.65,58.75,247712.0,148.14
2012-03-26,62.1,62.1,59.05,59.9,59.6,184621.0,112.29
2012-03-23,62.1,63.3,61.0,61.8,61.65,269173.0,166.94
2012-03-22,64.1,65.4,61.85,62.15,62.15,514112.0,329.82
2012-03-21,63.65,64.5,63.4,64.0,64.1,297317.0,190.27
2012-03-20,64.4,65.2,63.15,63.4,63.35,389833.0,249.58
2012-03-19,64.9,66.7,63.6,63.95,63.9,581963.0,379.87
2012-03-16,67.0,68.8,63.9,64.1,64.45,1841099.0,1233.21
2012-03-15,66.5,67.5,65.7,66.7,66.35,381616.0,253.84
2012-03-14,67.7,67.9,66.3,66.65,66.7,407319.0,273.14
2012-03-13,66.2,67.75,66.0,66.75,66.6,568764.0,379.68
2012-03-12,65.25,67.4,64.7,65.95,65.8,844977.0,558.52
2012-03-09,63.95,65.5,63.95,64.35,64.45,429771.0,278.27
2012-03-07,64.0,64.9,62.9,63.6,63.55,393768.0,251.28
2012-03-06,66.1,67.85,63.4,63.5,63.85,753108.0,496.09
2012-03-05,67.2,68.0,65.25,65.4,65.8,468311.0,312.26
2012-03-03,66.0,69.9,65.5,67.9,68.0,834126.0,572.05
2012-03-02,68.1,68.1,65.55,65.55,65.95,412196.0,274.16
2012-03-01,66.8,69.8,66.8,67.7,67.75,1783782.0,1217.99
2012-02-29,68.25,68.5,65.55,66.3,66.15,897508.0,601.81
2012-02-28,63.6,68.25,61.8,67.3,67.2,1475107.0,974.46
2012-02-27,67.4,68.15,62.75,63.2,63.55,1223393.0,812.76
2012-02-24,67.0,67.65,65.0,65.15,65.4,548776.0,363.05
2012-02-23,67.2,69.5,64.65,67.2,66.85,1311608.0,877.76
2012-02-22,69.8,70.7,66.0,67.4,66.65,487342.0,333.46
2012-02-21,70.2,70.9,69.1,69.4,69.7,541906.0,378.78
2012-02-17,71.6,72.1,69.6,69.95,69.9,626593.0,444.16
2012-02-16,70.6,73.4,70.4,70.95,71.15,1057023.0,757.83
2012-02-15,71.75,72.65,69.6,70.25,70.6,1141733.0,813.81
2012-02-14,71.7,73.4,70.65,71.4,71.2,1931919.0,1395.5
2012-02-13,67.0,72.45,66.15,71.4,71.7,3450217.0,2437.57
2012-02-10,67.5,68.35,66.5,67.0,67.05,834855.0,562.87
2012-02-09,66.5,68.65,66.1,67.05,67.3,1211384.0,818.01
2012-02-08,65.7,67.95,65.05,66.7,66.55,1362554.0,910.59
2012-02-07,66.5,66.9,64.8,65.0,65.2,473683.0,311.59
2012-02-06,66.45,67.1,65.7,66.3,66.3,384204.0,255.79
2012-02-03,66.9,67.2,65.55,65.55,65.9,675772.0,447.88
2012-02-02,70.0,70.0,65.8,66.6,66.9,1320573.0,893.82
2012-02-01,66.2,68.95,65.65,67.4,67.6,2305630.0,1562.61
2012-01-31,66.5,66.95,65.6,66.25,66.3,862143.0,572.59
2012-01-30,63.7,66.8,63.7,65.3,65.95,1620399.0,1067.42
2012-01-27,63.5,64.5,63.0,63.1,63.3,494338.0,315.26
2012-01-25,62.15,63.5,61.85,63.0,63.2,661240.0,415.65
2012-01-24,61.9,63.3,61.4,61.6,61.85,596041.0,371.63
2012-01-23,61.5,62.85,60.8,61.45,61.45,361685.0,223.58
2012-01-20,63.1,63.6,60.9,61.3,61.45,411951.0,257.25
2012-01-19,62.85,64.25,62.05,62.55,62.75,856970.0,542.44
2012-01-18,64.2,64.8,61.65,61.95,62.25,468354.0,296.53
2012-01-17,66.0,66.35,64.0,64.05,64.2,727039.0,473.3
2012-01-16,64.9,68.15,64.9,65.4,65.65,3354149.0,2233.2
2012-01-13,64.1,66.2,63.55,64.25,64.2,1108910.0,721.82
2012-01-12,65.0,66.85,63.3,63.35,63.9,2080152.0,1356.46
2012-01-11,66.0,68.35,64.75,64.8,65.45,1731757.0,1151.14
2012-01-10,67.65,68.85,65.2,66.8,66.5,2611622.0,1749.86
2012-01-09,67.45,72.0,66.35,67.1,67.3,7011736.0,4830.9
2012-01-07,56.0,67.65,55.0,67.65,65.6,4293643.0,2742.29
2012-01-06,55.75,58.1,55.0,56.2,56.4,1957072.0,1113.06
2012-01-05,54.7,57.25,53.2,55.3,56.1,2093334.0,1155.01
2012-01-04,48.85,55.4,48.5,53.85,54.35,2858587.0,1516.45
2012-01-03,46.55,48.7,46.25,47.8,48.15,393002.0,187.61
2012-01-02,46.0,47.0,45.4,45.9,45.9,121567.0,56.12
2011-12-30,45.95,47.8,45.45,45.75,46.15,478207.0,223.11
2011-12-29,45.2,46.5,44.3,45.1,45.2,257451.0,117.54
2011-12-28,46.0,46.8,45.25,45.55,45.4,145816.0,66.82
2011-12-27,47.15,47.6,46.05,46.3,46.3,156826.0,73.48
2011-12-26,48.0,48.4,46.6,47.75,47.35,356124.0,168.41
2011-12-23,44.85,48.4,44.35,47.1,47.15,1004575.0,473.74
2011-12-22,42.6,45.2,42.25,44.3,44.25,234506.0,103.05
2011-12-21,43.2,43.55,42.2,42.9,42.75,211554.0,90.17
2011-12-20,44.05,44.2,42.05,42.2,42.15,235654.0,100.5
2011-12-19,46.0,46.0,43.45,43.55,43.75,272495.0,120.3
2011-12-16,47.2,48.4,45.75,46.2,46.25,355823.0,167.38
2011-12-15,48.0,48.0,46.15,47.35,47.3,326821.0,154.06
2011-12-14,50.25,51.0,48.0,48.1,48.25,420330.0,209.7
2011-12-13,52.0,52.6,50.3,50.6,50.65,721090.0,371.47
2011-12-12,55.45,55.45,52.0,52.05,52.35,193864.0,103.34
2011-12-09,54.1,54.8,53.6,54.25,54.35,117982.0,64.22
2011-12-08,55.5,56.7,54.75,54.9,55.05,161676.0,89.72
2011-12-07,56.5,56.9,55.75,55.85,55.95,232559.0,130.92
2011-12-05,54.05,58.5,54.05,56.05,56.15,444433.0,253.39
2011-12-02,56.3,58.2,56.3,57.5,57.55,204652.0,117.51
2011-12-01,57.6,58.5,56.2,56.4,56.6,183633.0,105.32
2011-11-30,57.1,57.8,55.85,56.45,56.45,188847.0,107.12
2011-11-29,57.45,58.75,56.85,57.65,57.5,309773.0,178.64
2011-11-28,58.4,59.0,55.1,57.95,57.85,234696.0,134.91
2011-11-25,57.4,59.4,56.25,57.35,56.85,642739.0,372.4
2011-11-24,59.7,59.7,54.3,57.4,57.25,805974.0,459.31
2011-11-23,56.2,56.9,54.7,55.2,55.15,193508.0,107.03
2011-11-22,55.35,57.8,54.6,56.55,56.65,520737.0,293.79
2011-11-21,60.5,60.75,55.0,55.5,55.35,608176.0,346.78
2011-11-18,65.2,65.5,60.05,60.55,60.5,416053.0,255.67
2011-11-17,63.0,69.0,62.4,65.45,65.2,260187.0,171.78
2011-11-16,67.2,67.45,57.65,64.4,63.95,424502.0,267.47
2011-11-15,69.9,69.95,66.75,67.05,67.15,243618.0,166.28
2011-11-14,71.6,72.45,69.05,70.0,69.6,185762.0,131.27
2011-11-11,71.25,72.8,70.4,70.85,71.25,360500.0,258.3
2011-11-09,73.0,73.4,71.0,71.7,71.35,207038.0,149.67
2011-11-08,73.2,73.25,72.0,73.0,72.9,151699.0,110.16
2011-11-04,73.0,74.0,72.5,72.6,72.6,286573.0,209.6
2011-11-03,74.0,74.8,72.5,73.1,72.95,381974.0,279.98
2011-11-02,72.8,74.85,71.5,73.55,73.8,712032.0,525.39
2011-11-01,73.5,74.15,71.6,72.05,71.9,350667.0,254.83
2011-10-31,74.0,75.0,73.4,73.65,73.75,170740.0,126.53
2011-10-28,74.4,75.4,73.1,73.7,73.85,192493.0,142.28
2011-10-26,72.6,73.55,72.6,73.0,73.1,42184.0,30.85
2011-10-25,72.95,73.35,72.0,72.75,72.8,180126.0,130.8
2011-10-24,72.6,73.9,71.7,71.95,72.1,167626.0,121.83
2011-10-21,73.05,74.9,71.6,72.55,72.2,405623.0,297.24
2011-10-20,73.1,74.4,72.6,73.3,73.45,215447.0,158.39
2011-10-19,72.8,75.7,72.5,73.8,74.15,440289.0,326.94
2011-10-18,74.5,74.5,71.25,73.0,72.05,281901.0,204.68
2011-10-17,74.55,76.7,74.3,74.6,74.8,308513.0,232.73
2011-10-14,76.05,76.35,74.0,74.8,74.8,262141.0,196.67
2011-10-13,80.05,80.05,74.5,76.35,76.5,733257.0,560.91
2011-10-12,75.5,75.8,73.25,74.2,74.45,310297.0,231.24
2011-10-11,70.95,76.85,70.7,75.0,74.95,1324027.0,986.1
2011-10-10,70.65,70.9,69.55,70.3,70.25,136142.0,95.86
2011-10-07,70.95,71.45,69.9,70.1,70.2,185410.0,130.77
2011-10-05,70.5,71.9,69.05,69.4,69.5,238106.0,168.18
2011-10-04,71.0,72.9,70.0,70.25,70.15,451380.0,323.11
2011-10-03,71.05,72.25,70.0,70.15,70.2,213969.0,150.99
2011-09-30,70.25,73.7,70.25,73.3,73.15,346053.0,252.08
2011-09-29,71.9,72.4,70.6,72.0,71.85,290160.0,207.76
2011-09-28,73.1,73.65,71.8,72.0,72.0,202265.0,146.76
2011-09-27,73.25,74.0,72.5,72.85,72.8,208688.0,153.01
2011-09-26,73.3,75.3,71.65,71.8,72.35,812306.0,598.08
2011-09-23,74.5,74.5,71.45,72.9,72.8,632006.0,459.02
2011-09-22,76.75,77.2,72.45,74.8,74.55,751375.0,559.74
2011-09-21,77.5,78.6,77.25,77.65,77.6,271973.0,212.02
2011-09-20,78.95,79.45,77.4,77.4,77.8,506573.0,398.16
2011-09-19,78.5,80.0,78.25,78.4,78.65,357269.0,282.92
2011-09-16,79.75,80.5,78.05,78.9,78.9,378102.0,299.79
2011-09-15,80.2,80.35,78.45,79.0,79.1,513661.0,407.92
2011-09-14,77.85,80.4,76.4,79.5,79.6,771255.0,607.67
2011-09-13,79.2,80.35,77.15,77.6,77.85,389071.0,306.86
2011-09-12,80.5,81.5,78.5,78.8,78.85,315730.0,250.99
2011-09-09,84.0,85.4,80.85,81.0,81.35,717830.0,599.76
2011-09-08,81.3,84.2,76.35,84.0,83.7,1496099.0,1229.36
2011-09-07,81.2,82.3,80.25,80.8,80.8,428048.0,347.43
2011-09-06,79.5,82.65,79.2,80.7,80.55,1056670.0,858.88
2011-09-05,78.7,81.45,78.05,79.1,79.4,774518.0,622.27
2011-09-02,79.8,81.5,72.2,79.5,79.85,1420660.0,1139.05
2011-08-30,78.5,80.45,78.5,79.35,79.15,607951.0,483.3
2011-08-29,76.35,79.4,76.35,77.65,77.8,494287.0,386.92
2011-08-26,80.05,80.8,74.75,75.35,75.3,417928.0,325.52
2011-08-25,80.25,81.65,79.1,80.0,80.05,946729.0,761.23
2011-08-24,81.95,83.45,78.65,78.65,79.5,863722.0,706.57
2011-08-23,76.5,82.75,75.75,81.6,81.75,2188092.0,1762.81
2011-08-22,74.7,76.8,74.25,75.6,75.7,374716.0,282.69
2011-08-19,70.25,76.3,63.0,75.0,74.55,862765.0,640.93
2011-08-18,79.8,80.8,74.8,75.15,75.4,674245.0,526.6
2011-08-17,82.0,82.5,78.0,78.55,79.4,1030113.0,825.72
2011-08-16,87.5,88.6,80.25,81.0,81.25,896046.0,764.34
2011-08-12,87.2,91.45,85.75,85.9,86.95,3938765.0,3511.07
2011-08-11,81.05,87.25,79.25,86.25,86.15,4493607.0,3783.01
2011-08-10,75.0,84.9,73.9,81.3,81.65,3794299.0,3064.45
2011-08-09,75.0,75.5,72.15,72.7,72.7,701907.0,517.5
2011-08-08,75.0,79.0,75.0,76.05,76.7,1207927.0,936.79
2011-08-05,76.1,77.2,66.55,75.45,75.6,1013135.0,761.64
2011-08-04,81.45,81.85,78.3,78.85,78.85,863705.0,694.84
2011-08-03,79.0,81.45,78.6,80.5,80.45,1821020.0,1461.32
2011-08-02,74.4,81.5,73.7,80.0,80.35,3183725.0,2521.04
2011-08-01,75.4,75.75,73.25,73.8,73.95,298263.0,221.45
2011-07-29,75.6,76.2,74.15,74.9,74.35,223511.0,167.95
2011-07-28,75.95,77.0,75.05,75.7,75.5,534264.0,405.5
2011-07-27,76.3,78.3,75.55,76.6,76.6,862516.0,665.7
2011-07-26,77.95,78.0,75.55,75.65,75.7,253643.0,193.69
2011-07-25,76.65,78.0,75.55,77.45,77.4,531809.0,408.81
2011-07-22,74.3,77.25,74.0,76.5,76.45,746260.0,565.82
2011-07-21,74.95,75.0,72.2,73.95,73.9,358502.0,265.33
2011-07-20,79.5,80.7,74.2,75.3,75.55,1540309.0,1192.62
2011-07-19,77.9,78.75,77.55,78.4,78.4,225008.0,175.85
2011-07-18,78.0,78.9,77.5,77.7,77.85,196254.0,153.16
2011-07-15,78.7,79.4,77.4,78.6,78.0,294949.0,230.7
2011-07-14,77.05,79.4,77.05,78.5,78.5,480253.0,377.59
2011-07-13,76.9,78.4,76.0,78.25,78.0,447381.0,346.79
2011-07-12,76.5,78.1,75.8,76.3,76.2,518746.0,399.37
2011-07-11,77.1,77.85,76.75,77.1,77.1,218807.0,169.04
2011-07-08,79.2,79.45,77.0,77.5,77.25,319811.0,249.92
2011-07-07,79.55,79.9,78.45,78.85,78.9,460410.0,364.57
2011-07-06,78.15,80.45,78.15,79.1,79.25,681379.0,542.46
2011-07-05,80.9,82.0,78.15,78.6,78.7,395227.0,311.95
2011-07-04,80.0,80.0,77.5,78.45,78.45,512148.0,402.21
2011-07-01,81.6,81.7,78.25,79.0,79.05,893589.0,712.62
2011-06-30,85.0,85.0,76.0,79.4,79.4,1830292.0,1447.8
2011-06-29,74.85,75.8,74.55,74.7,74.85,344100.0,258.07
2011-06-28,74.55,75.15,73.65,74.7,74.55,352932.0,263.13
2011-06-27,73.4,75.1,72.1,74.2,74.25,470391.0,348.97
2011-06-24,72.5,73.9,72.0,73.55,73.55,605113.0,442.94
2011-06-23,72.75,74.4,70.2,72.1,72.05,1277233.0,927.51
2011-06-22,75.9,75.9,72.5,72.65,72.85,345628.0,256.21
2011-06-21,74.8,76.2,74.05,75.7,75.25,380577.0,286.68
2011-06-20,78.9,78.9,73.6,74.05,74.95,396188.0,300.77
2011-06-17,79.55,80.4,78.5,78.6,78.7,275510.0,218.24
2011-06-16,81.4,81.45,79.55,79.6,79.85,420365.0,338.43
2011-06-15,82.9,83.4,81.35,81.5,81.6,537564.0,443.22
2011-06-14,82.55,83.2,81.7,82.0,82.15,442962.0,365.28
2011-06-13,82.3,82.7,80.85,81.8,82.05,346940.0,284.1
2011-06-10,83.25,83.6,81.8,82.2,82.3,417969.0,345.77
2011-06-09,82.75,83.65,82.2,82.8,82.75,542958.0,450.43
2011-06-08,82.45,83.5,81.9,82.35,82.4,445352.0,368.28
2011-06-07,83.2,83.6,82.05,82.4,82.4,548405.0,454.21
2011-06-06,82.35,84.2,82.1,83.45,83.45,1042576.0,868.65
2011-06-03,82.9,83.5,81.55,81.95,81.85,785365.0,647.77
2011-06-02,81.25,83.8,80.5,82.55,82.3,1005387.0,828.37
2011-06-01,81.8,83.15,81.15,82.55,82.3,611081.0,502.4
2011-05-31,80.6,82.4,80.2,81.6,81.25,688653.0,561.17
2011-05-30,79.8,81.0,79.25,80.15,79.95,436525.0,349.76
2011-05-27,78.5,79.7,74.4,78.8,78.65,523175.0,412.22
2011-05-26,78.4,78.9,77.45,78.5,78.35,229928.0,179.74
2011-05-25,77.0,79.15,76.55,77.8,77.65,396222.0,308.22
2011-05-24,79.9,80.2,76.65,76.75,76.9,481539.0,376.78
2011-05-23,81.6,81.75,79.3,79.5,79.65,252519.0,202.03
2011-05-20,81.0,82.3,80.6,81.6,81.25,395598.0,321.77
2011-05-19,80.15,81.4,80.0,80.55,80.55,428481.0,345.68
2011-05-18,81.0,81.3,79.05,79.8,79.6,280825.0,224.4
2011-05-17,81.0,81.7,79.8,80.45,80.25,286990.0,231.36
2011-05-16,81.65,81.8,80.4,80.7,80.65,320486.0,259.74
2011-05-13,81.15,82.3,80.75,81.35,81.35,373560.0,304.75
2011-05-12,81.9,82.4,80.7,80.8,81.0,313648.0,255.61
2011-05-11,82.1,84.4,81.6,82.35,82.25,942414.0,780.3
2011-05-10,82.15,82.55,80.5,81.0,80.85,356036.0,289.85
2011-05-09,83.8,83.8,81.3,81.55,81.55,276385.0,226.04
2011-05-06,81.0,82.4,80.35,82.1,81.9,402746.0,327.52
2011-05-05,82.4,83.45,80.1,80.25,80.35,537961.0,439.98
2011-05-04,82.65,83.1,81.45,82.4,82.35,497250.0,408.53
2011-05-03,85.75,86.0,82.2,82.75,82.65,591095.0,497.53
2011-05-02,86.9,86.9,84.25,85.65,85.95,931827.0,797.5
2011-04-29,87.8,88.25,85.2,86.95,86.6,1163857.0,1013.86
2011-04-28,89.25,90.8,87.0,87.1,87.65,4659251.0,4161.1
2011-04-27,85.25,88.6,85.1,88.25,87.9,1628580.0,1415.84
2011-04-26,85.8,86.0,84.0,84.95,84.75,520439.0,441.38
2011-04-25,85.7,86.8,84.2,86.0,85.8,1155880.0,991.05
2011-04-21,85.95,86.3,84.6,85.0,85.15,625667.0,534.65
2011-04-20,87.0,87.15,85.0,85.35,85.4,1133092.0,974.59
2011-04-19,83.15,84.9,82.4,84.5,84.55,1240106.0,1036.16
2011-04-18,85.7,86.75,82.85,83.9,83.25,740941.0,628.02
2011-04-15,85.7,87.1,84.05,85.3,85.7,1438955.0,1235.58
2011-04-13,83.7,85.8,83.05,85.0,85.15,886276.0,752.55
2011-04-11,85.5,87.1,83.4,83.8,83.9,950326.0,810.6
2011-04-08,89.4,90.3,85.05,86.15,85.85,1545988.0,1355.92
2011-04-07,85.0,89.4,82.6,88.8,88.7,3706872.0,3260.08
2011-04-06,85.4,86.8,84.4,85.2,85.1,869313.0,744.01
2011-04-05,83.5,85.65,81.0,85.55,85.05,1025425.0,863.31
2011-04-04,83.5,84.5,82.75,83.7,83.6,1133725.0,950.57
2011-04-01,80.65,82.3,79.8,82.05,82.0,1076081.0,874.9
2011-03-31,80.3,81.2,78.8,79.8,79.4,472382.0,377.14
2011-03-30,79.0,80.5,79.0,80.1,79.85,634206.0,506.86
2011-03-29,82.4,82.4,78.3,78.9,78.75,782674.0,626.86
2011-03-28,81.9,84.75,81.3,81.7,82.05,1375926.0,1140.48
2011-03-25,75.8,81.5,75.8,80.9,80.85,1630630.0,1314.61
2011-03-24,76.9,79.8,76.7,79.25,79.35,1273101.0,1003.4
2011-03-23,76.1,77.5,75.65,76.2,76.55,523134.0,400.33
2011-03-22,76.35,77.35,75.55,75.8,76.05,438865.0,334.99
2011-03-21,76.9,76.9,75.25,75.5,75.6,303188.0,230.11
2011-03-18,77.8,78.15,76.0,76.1,76.3,347650.0,267.7
2011-03-17,77.55,78.45,76.6,77.3,77.25,439084.0,340.65
2011-03-16,77.4,78.65,76.75,77.5,77.65,529259.0,411.89
2011-03-15,78.2,78.2,75.6,76.4,76.5,667563.0,513.77
2011-03-14,79.2,80.3,78.3,78.85,79.0,921453.0,730.9
2011-03-11,79.0,80.7,78.1,78.7,78.9,730679.0,579.24
2011-03-10,81.3,81.3,80.1,80.55,80.55,568273.0,458.13
2011-03-09,82.1,83.0,81.45,81.7,81.7,1370887.0,1126.9
2011-03-08,79.9,82.0,79.1,80.8,80.75,1597547.0,1291.05
2011-03-07,80.0,80.0,77.5,78.55,78.45,654087.0,513.91
2011-03-04,81.85,82.3,80.35,80.8,80.75,951718.0,773.82
2011-03-03,80.8,82.25,80.1,81.25,81.15,1133879.0,919.65
2011-03-01,81.1,81.7,79.3,81.35,81.25,1459629.0,1175.14
2011-02-28,82.0,84.85,78.25,78.7,79.15,4898687.0,4020.36
2011-02-25,81.35,82.15,76.0,79.45,79.1,1281597.0,1022.89
2011-02-24,84.15,85.1,80.15,80.4,80.65,1334100.0,1105.78
2011-02-23,84.15,85.85,83.75,84.15,84.2,1062626.0,901.9
2011-02-22,84.1,87.65,83.55,84.4,84.55,2676602.0,2286.38
2011-02-21,83.7,87.3,82.5,85.45,85.4,3518847.0,3012.62
2011-02-18,87.2,87.8,83.1,83.3,83.45,1168893.0,998.77
2011-02-17,87.0,88.35,85.1,86.5,86.55,1603924.0,1395.33
2011-02-16,87.05,88.5,86.55,86.8,87.2,1761802.0,1545.7
2011-02-15,84.7,87.7,82.2,86.05,86.75,3302169.0,2828.57
2011-02-14,80.0,85.45,79.0,84.45,84.15,1838385.0,1521.26
2011-02-11,77.1,79.2,74.6,79.1,78.85,1172370.0,906.96
2011-02-10,75.1,78.15,73.4,77.4,76.95,1279995.0,969.41
2011-02-09,81.1,81.1,75.0,76.45,76.1,1269571.0,991.99
2011-02-08,85.0,85.6,80.7,82.15,81.7,1107090.0,911.08
2011-02-07,86.9,87.8,84.15,84.75,85.0,1840618.0,1578.35
2011-02-04,85.8,89.3,85.0,86.0,86.0,3092934.0,2711.56
2011-02-03,80.6,85.95,80.4,84.9,84.7,2737202.0,2293.45
2011-02-02,81.3,82.9,80.1,80.85,80.55,1143896.0,935.37
2011-02-01,79.3,81.75,78.9,80.2,80.35,1298797.0,1045.31
2011-01-31,79.0,79.6,76.55,78.65,78.9,981187.0,767.93
2011-01-28,83.0,83.65,78.25,79.3,79.65,982385.0,789.13
2011-01-27,84.3,85.2,83.05,83.5,83.35,632403.0,532.21
2011-01-25,87.1,87.1,84.0,84.45,84.3,874934.0,747.61
2011-01-24,84.4,87.15,83.8,86.25,86.3,1900292.0,1630.98
2011-01-21,83.5,84.9,82.65,83.75,83.75,1030269.0,867.36
2011-01-20,82.3,83.9,80.2,83.15,83.2,1056851.0,875.1
2011-01-19,83.3,84.25,82.35,82.85,82.75,1001517.0,833.11
2011-01-18,82.7,84.3,82.25,82.95,82.75,1022416.0,848.75
2011-01-17,81.25,84.15,81.25,82.2,82.0,887993.0,735.29
2011-01-14,88.25,88.5,83.0,83.25,83.4,1852960.0,1591.0
2011-01-13,88.1,91.5,87.1,88.7,88.05,2699466.0,2416.73
2011-01-12,86.0,88.4,83.4,87.4,87.75,1970634.0,1701.46
2011-01-11,85.9,87.5,84.85,86.2,85.65,1759685.0,1518.41
2011-01-10,91.45,91.75,85.0,85.3,85.6,1785078.0,1580.76
2011-01-07,93.05,94.85,90.6,90.75,91.45,1916628.0,1786.14
2011-01-06,96.7,96.8,92.4,92.95,93.05,2949183.0,2776.78
2011-01-05,104.0,105.7,96.55,97.5,97.7,4755156.0,4816.87
2011-01-04,105.0,106.6,102.7,103.85,103.45,4415647.0,4638.73
2011-01-03,102.85,103.95,102.0,103.5,103.15,2491039.0,2568.6
2010-12-31,99.6,102.85,99.6,101.8,101.95,3562255.0,3617.35
2010-12-30,96.25,100.5,96.2,99.1,99.2,5572412.0,5505.92
2010-12-29,96.1,97.3,95.7,95.8,96.0,1301772.0,1255.12
2010-12-28,96.5,97.3,95.25,95.85,95.95,1639226.0,1578.09
2010-12-27,96.7,98.5,95.35,96.0,95.9,2897432.0,2813.81
2010-12-24,95.8,97.4,94.2,95.3,95.55,3551047.0,3406.84
2010-12-23,98.1,99.2,95.0,95.25,95.45,2399946.0,2320.56
2010-12-22,99.75,101.2,97.55,98.5,98.35,2440914.0,2430.76
2010-12-21,100.4,103.8,98.35,98.85,99.1,6721655.0,6803.2
2010-12-20,93.0,101.15,92.15,98.65,98.9,9487441.0,9288.43
2010-12-16,88.0,94.85,88.0,92.75,93.05,3188677.0,2977.72
2010-12-15,97.4,100.9,92.75,93.8,93.95,4504399.0,4381.2
2010-12-14,96.65,99.75,96.1,96.75,97.4,4595479.0,4500.84
2010-12-13,92.0,99.9,88.65,95.4,95.4,5854044.0,5530.04
2010-12-10,88.0,97.95,86.3,90.4,91.0,4954358.0,4579.12
2010-12-09,98.0,98.9,83.7,90.2,88.45,2865685.0,2608.35
2010-12-08,100.7,102.0,97.0,97.1,97.65,1500691.0,1494.38
2010-12-07,101.95,103.45,100.7,101.35,101.5,1567247.0,1600.15
2010-12-06,107.05,107.5,100.3,101.6,101.5,1885749.0,1967.87
2010-12-03,107.0,109.45,104.6,105.05,105.1,2174462.0,2320.24
2010-12-02,111.4,115.85,107.5,108.9,108.95,6541414.0,7297.5
2010-12-01,106.5,114.65,104.5,110.75,110.45,6046076.0,6717.05
2010-11-30,106.0,109.7,104.15,104.9,105.0,4114249.0,4417.2
2010-11-29,103.0,108.4,92.7,105.2,105.85,6758261.0,7094.27
2010-11-26,108.5,110.7,98.6,99.7,100.3,2713369.0,2807.12
2010-11-25,113.95,117.7,105.15,108.3,107.5,3049562.0,3402.02
2010-11-24,118.25,122.8,110.35,110.95,115.05,9097897.0,10886.32
2010-11-23,103.5,120.4,101.35,117.35,116.75,7138953.0,7980.41
2010-11-22,110.8,111.3,102.55,103.25,103.65,2131413.0,2231.9
2010-11-19,113.45,115.3,108.4,109.0,109.8,2526120.0,2836.11
2010-11-18,115.5,118.7,110.0,112.5,112.4,3058072.0,3480.9
2010-11-16,124.6,127.2,113.0,114.75,114.55,2759034.0,3312.46
2010-11-15,128.5,132.4,121.4,124.7,124.6,7066971.0,8965.0
2010-11-12,118.1,128.8,116.3,124.45,124.5,6188914.0,7724.95
2010-11-11,123.0,126.3,120.0,121.3,121.0,2496260.0,3090.88
2010-11-10,124.8,127.2,122.5,123.2,123.35,2857222.0,3567.41
2010-11-09,123.2,128.9,119.3,125.05,125.95,6334606.0,7905.04
2010-11-08,116.2,128.0,112.5,121.4,122.65,7071669.0,8706.18
2010-11-05,116.0,119.7,114.6,115.75,115.9,325392.0,379.01
2010-11-04,125.5,125.5,115.45,115.6,116.2,4965657.0,5894.79
2010-11-03,105.6,125.55,105.6,122.8,123.2,15354391.0,18362.99
2010-11-02,97.0,105.7,95.0,105.5,104.6,3888080.0,3942.71
2010-11-01,95.2,96.7,95.0,96.0,95.9,519245.0,498.2
2010-10-29,99.0,99.4,93.7,94.1,94.8,716771.0,691.42
2010-10-28,100.85,101.35,80.0,98.25,98.6,1489925.0,1466.65
2010-10-27,105.1,105.8,96.9,100.1,99.4,1091269.0,1097.91
2010-10-26,104.4,107.2,104.0,104.3,104.5,1442452.0,1523.36
2010-10-25,106.75,107.2,103.25,103.45,103.85,1009865.0,1062.99
2010-10-22,105.0,108.0,103.7,105.4,105.9,1450495.0,1538.09
2010-10-21,104.2,107.2,104.1,104.65,104.9,1090926.0,1152.97
2010-10-20,104.0,107.8,102.65,102.85,103.65,1079014.0,1138.05
2010-10-19,106.8,109.4,104.0,104.65,105.15,2757673.0,2950.68
2010-10-18,110.4,110.9,102.2,106.9,106.8,6070090.0,6467.29
2010-10-15,107.4,112.45,103.0,110.2,110.4,10520614.0,11460.56
2010-10-14,94.8,108.3,93.15,104.75,106.45,12060490.0,12450.28
2010-10-13,96.75,96.75,93.25,94.05,94.05,1358939.0,1286.09
2010-10-12,93.9,96.8,90.05,95.55,95.9,4237526.0,3975.71
2010-10-11,89.9,94.0,85.85,93.8,92.95,4385621.0,4017.52
2010-10-08,87.4,87.85,84.65,86.3,85.95,491087.0,421.28
2010-10-07,88.4,90.5,86.5,87.3,87.15,1952841.0,1731.14
2010-10-06,83.05,88.4,83.05,88.0,87.75,2364760.0,2039.96
2010-10-05,82.75,83.95,82.15,82.6,82.85,527399.0,438.61
2010-10-04,82.75,84.25,80.5,82.2,82.35,786219.0,650.45
2010-10-01,80.0,82.35,80.0,81.75,81.85,336286.0,274.89
2010-09-30,81.0,82.25,80.0,80.3,80.75,309112.0,249.38
2010-09-29,83.0,83.1,81.3,81.45,81.6,299827.0,246.13
2010-09-28,82.75,83.85,82.2,82.3,82.55,422947.0,350.53
2010-09-27,83.6,83.8,82.2,82.4,82.45,221628.0,183.67
2010-09-24,82.45,83.75,82.45,82.95,82.9,373284.0,310.17
2010-09-23,83.25,83.85,82.0,82.55,82.4,310520.0,257.16
2010-09-22,84.4,84.4,82.35,83.0,83.05,391404.0,325.85
2010-09-21,85.05,85.3,83.5,83.65,83.7,381754.0,321.43
2010-09-20,84.4,85.9,83.65,84.65,84.9,553684.0,469.49
2010-09-17,84.9,85.15,83.3,83.6,83.8,401812.0,338.58
2010-09-16,84.5,85.4,83.45,83.6,83.7,449975.0,379.7
2010-09-15,86.5,86.5,84.25,85.1,85.1,654553.0,558.26
2010-09-14,86.5,86.5,81.55,86.3,85.75,561841.0,477.69
2010-09-13,87.85,88.05,85.2,85.8,85.95,692781.0,600.09
2010-09-09,85.5,87.55,84.95,85.75,85.8,1693449.0,1463.49
2010-09-08,84.45,86.3,84.1,85.0,85.1,579957.0,494.38
2010-09-07,86.35,86.7,84.1,84.3,84.45,726045.0,616.16
2010-09-06,87.45,88.25,85.6,86.05,86.15,1714360.0,1495.8
2010-09-03,82.6,87.4,82.15,86.9,86.4,2415477.0,2061.84
2010-09-02,82.7,83.1,81.2,81.95,82.0,638596.0,524.06
2010-09-01,79.8,82.65,79.75,81.75,81.65,791008.0,643.3
2010-08-31,80.1,81.2,78.8,79.2,79.4,596803.0,476.64
2010-08-30,81.65,81.95,79.5,80.8,80.65,573476.0,462.74
2010-08-27,83.25,83.9,80.35,80.45,80.85,523221.0,431.85
2010-08-26,82.85,84.65,82.0,82.2,82.3,569338.0,474.28
2010-08-25,84.5,85.8,82.25,82.4,82.5,487843.0,406.55
2010-08-24,83.9,88.45,82.5,85.1,85.2,3033745.0,2614.68
2010-08-23,83.35,84.15,82.6,83.4,83.35,443512.0,369.58
2010-08-20,84.6,85.0,82.3,82.9,82.85,489145.0,408.4
2010-08-19,86.5,86.7,84.1,84.55,84.7,627663.0,533.79
2010-08-18,83.4,86.9,83.0,85.6,85.9,2903339.0,2481.92
2010-08-17,82.0,83.5,81.3,82.6,82.6,1049733.0,867.24
2010-08-16,82.1,82.6,81.0,81.8,81.8,449985.0,368.61
2010-08-13,81.8,82.4,81.0,81.45,81.65,494646.0,404.22
2010-08-12,79.8,81.9,79.1,81.2,81.15,554861.0,449.11
2010-08-11,83.1,83.4,80.4,80.7,80.9,930266.0,762.03
2010-08-10,85.9,85.9,83.5,84.55,84.35,462195.0,392.51
2010-08-09,85.05,86.25,84.75,85.25,85.25,815557.0,696.99
2010-08-06,84.5,87.1,84.45,84.8,84.8,1396002.0,1197.6
2010-08-05,85.0,86.1,83.85,84.35,84.25,677379.0,576.2
2010-08-04,85.5,86.75,84.25,84.5,84.75,985963.0,843.61
2010-08-03,87.55,87.55,84.6,84.9,84.9,1153286.0,986.2
2010-08-02,84.4,88.2,83.7,87.6,86.95,2260828.0,1960.63
2010-07-30,84.55,85.4,82.6,83.0,83.3,430461.0,362.01
2010-07-29,80.0,85.9,80.0,84.45,84.5,627428.0,533.45
2010-07-28,86.8,86.8,84.5,85.3,85.1,486945.0,418.26
2010-07-27,86.5,87.9,85.5,86.0,86.05,445121.0,385.81
2010-07-26,88.4,88.4,86.25,86.7,86.5,547501.0,475.87
2010-07-23,89.8,89.9,87.1,87.3,87.25,644253.0,568.89
2010-07-22,88.05,89.7,87.6,88.9,89.05,1714858.0,1523.08
2010-07-21,88.0,88.5,87.0,87.35,87.75,569187.0,500.12
2010-07-20,89.95,89.95,87.15,87.3,87.9,747979.0,661.93
2010-07-19,87.1,89.0,87.1,88.1,88.35,796696.0,701.75
2010-07-16,87.05,89.3,87.05,88.0,88.05,888637.0,784.86
2010-07-15,89.6,89.9,87.05,87.4,87.4,687235.0,607.76
2010-07-14,90.55,91.6,89.0,89.0,89.5,958782.0,864.4
2010-07-13,90.7,90.7,86.0,89.65,89.6,764869.0,685.44
2010-07-12,91.65,91.7,89.4,89.65,89.9,897416.0,810.01
2010-07-09,92.7,93.4,91.0,91.15,91.35,1087726.0,1001.27
2010-07-08,93.8,94.75,92.05,92.2,92.4,2481970.0,2321.99
2010-07-07,90.95,93.9,88.3,93.35,92.75,4050077.0,3701.02
2010-07-06,91.7,92.4,90.0,90.75,90.65,2996023.0,2733.22
2010-07-05,90.1,91.85,87.0,90.55,90.3,6459800.0,5858.3
2010-07-02,83.35,87.15,83.35,85.3,85.65,4505262.0,3870.22
2010-07-01,82.45,84.5,81.85,83.35,83.25,1140759.0,950.04
2010-06-30,81.9,83.4,81.25,82.75,82.7,908418.0,751.11
2010-06-29,83.5,83.75,81.6,82.15,82.05,802432.0,663.8
2010-06-28,82.0,83.8,81.75,82.7,82.7,898308.0,743.58
2010-06-25,82.2,83.5,81.1,81.7,81.7,1009766.0,832.84
2010-06-24,82.7,83.15,81.2,81.75,81.85,486066.0,399.32
2010-06-23,81.1,82.8,81.1,82.3,82.4,775173.0,638.36
2010-06-22,81.3,82.75,80.75,81.15,81.3,705727.0,576.89
2010-06-21,82.5,82.75,80.9,81.1,81.2,688224.0,561.83
2010-06-18,84.3,84.7,81.2,81.8,81.8,839616.0,696.68
2010-06-17,84.5,85.5,83.0,83.95,83.75,793466.0,667.71
2010-06-16,84.0,86.5,83.25,83.6,83.9,3086551.0,2627.25
2010-06-15,81.2,85.6,80.9,83.5,82.9,3921373.0,3292.04
2010-06-14,79.65,81.75,79.65,81.15,81.15,786415.0,637.72
2010-06-11,80.9,81.0,79.4,80.05,80.0,428365.0,342.84
2010-06-10,80.3,80.65,78.2,80.2,80.25,734455.0,584.19
2010-06-09,78.25,80.75,78.25,79.55,79.5,1111818.0,889.5
2010-06-08,78.5,80.3,77.5,78.4,78.25,723292.0,572.79
2010-06-07,76.0,79.25,76.0,77.85,77.9,865684.0,675.45
2010-06-04,81.25,81.85,79.6,79.6,79.85,542621.0,434.83
2010-06-03,82.0,82.65,80.5,81.6,81.25,716567.0,583.65
2010-06-02,81.9,81.9,79.25,80.8,80.7,853937.0,689.14
2010-06-01,81.5,82.9,80.0,80.8,81.15,1933226.0,1578.39
2010-05-31,77.0,81.5,76.8,81.0,81.05,2272026.0,1810.16
2010-05-28,75.6,77.0,75.3,76.8,76.4,911419.0,695.16
2010-05-27,73.0,73.95,72.3,73.75,73.6,501882.0,367.18
2010-05-26,72.9,74.0,72.15,72.95,72.8,325614.0,236.95
2010-05-25,74.5,75.3,71.3,71.85,72.05,450551.0,330.31
2010-05-24,76.5,77.4,74.65,75.1,74.95,410918.0,313.2
2010-05-21,76.05,76.3,74.5,74.85,74.95,539032.0,405.66
2010-05-20,78.1,79.45,77.1,77.85,77.55,658993.0,515.68
2010-05-19,79.25,81.45,77.6,77.7,78.15,788576.0,627.66
2010-05-18,80.4,82.65,80.1,81.5,80.75,1055842.0,860.76
2010-05-17,79.6,80.7,78.3,79.85,79.65,579447.0,459.98
2010-05-14,82.0,83.5,80.05,80.25,80.5,951729.0,779.12
2010-05-13,82.75,83.35,81.25,82.25,81.7,846776.0,698.11
2010-05-12,83.45,85.6,81.6,82.0,82.15,3550469.0,2979.91
2010-05-11,80.25,85.6,79.55,82.25,82.75,6431453.0,5374.68
2010-05-10,79.0,81.7,78.5,79.65,79.7,475294.0,378.28
2010-05-07,79.0,80.3,77.5,77.85,77.85,813365.0,641.87
2010-05-06,80.2,82.3,79.3,81.2,81.5,1327664.0,1077.31
2010-05-05,78.55,79.85,77.25,79.8,79.55,727633.0,572.2
2010-05-04,83.55,83.65,80.0,80.65,80.6,562986.0,461.43
2010-05-03,83.7,83.7,82.1,82.85,82.7,502208.0,416.4
2010-04-30,83.0,84.85,82.55,83.8,83.7,1007780.0,844.23
2010-04-29,82.55,83.55,82.05,82.1,82.3,902247.0,747.58
2010-04-28,84.5,85.35,81.7,82.35,82.35,1620231.0,1356.42
2010-04-27,85.0,87.2,83.2,86.0,86.45,2917270.0,2498.54
2010-04-26,85.8,85.8,83.25,84.8,84.35,1146705.0,967.95
2010-04-23,84.0,85.2,83.1,84.0,83.7,1830249.0,1543.62
2010-04-22,80.5,82.9,79.0,82.65,82.35,2362525.0,1937.88
2010-04-21,79.25,80.0,78.5,78.9,78.7,389589.0,308.25
2010-04-20,77.9,79.65,77.5,78.9,78.9,617258.0,485.94
2010-04-19,78.2,78.2,76.6,77.4,77.3,359488.0,278.15
2010-04-16,80.1,80.3,78.5,79.0,78.95,532478.0,422.33
2010-04-15,82.2,82.7,79.85,80.5,80.3,563249.0,458.16
2010-04-13,82.5,83.7,81.75,82.0,82.1,1257793.0,1041.45
2010-04-12,80.6,82.4,80.6,82.4,81.95,1108873.0,906.88
2010-04-09,81.0,81.5,80.15,80.15,80.4,506875.0,409.81
2010-04-08,81.4,82.3,80.1,80.65,80.5,876114.0,712.14
2010-04-07,81.8,82.5,79.8,80.8,80.8,855805.0,696.44
2010-04-06,81.85,82.5,81.0,81.2,81.2,848924.0,693.78
2010-04-05,80.8,82.6,80.35,81.2,81.35,1040663.0,848.32
2010-04-01,80.35,80.95,79.6,79.9,80.0,633987.0,509.09
2010-03-31,81.3,81.8,79.25,79.8,79.65,1228892.0,991.47
2010-03-30,77.85,82.15,77.55,80.3,80.25,3776627.0,3033.87
2010-03-29,78.6,79.7,76.6,77.15,77.4,1113828.0,868.21
2010-03-26,80.4,81.8,78.3,78.45,78.6,1122928.0,901.86
2010-03-25,82.4,82.4,79.85,80.1,80.3,822984.0,666.58
2010-03-23,83.4,84.3,81.05,81.25,81.55,823295.0,681.42
2010-03-22,83.65,85.0,82.55,83.0,83.25,1793954.0,1506.76
2010-03-19,84.35,85.85,84.0,84.5,84.7,1988427.0,1688.23
2010-03-18,87.0,87.5,83.25,83.65,84.05,4196154.0,3605.03
2010-03-17,83.65,86.5,82.5,86.05,85.85,4280151.0,3630.74
2010-03-16,80.5,84.0,79.65,82.65,83.0,3124281.0,2563.05
2010-03-15,84.85,84.85,81.0,81.15,81.4,778268.0,641.75
2010-03-12,84.2,85.95,82.15,83.95,84.2,2228187.0,1884.63
2010-03-11,85.0,86.2,83.3,83.65,83.7,1633090.0,1374.98
2010-03-10,89.6,89.6,86.15,86.5,86.55,1492470.0,1311.32
2010-03-09,90.0,92.2,88.6,88.8,89.0,1489434.0,1348.47
2010-03-08,92.8,92.9,90.25,90.55,90.55,1239842.0,1137.47
2010-03-05,93.5,93.9,91.25,91.35,91.7,2201008.0,2043.24
2010-03-04,91.85,93.75,91.45,92.15,92.55,2982991.0,2766.52
2010-03-03,91.9,93.2,90.85,91.45,91.45,1944647.0,1790.21
2010-03-02,93.55,93.9,91.0,91.1,91.45,2433199.0,2246.21
2010-02-26,91.0,96.5,90.0,92.2,92.8,8978229.0,8369.83
2010-02-25,91.0,92.85,90.05,90.75,90.65,4002969.0,3667.11
2010-02-24,92.0,93.1,89.1,90.0,90.4,5580816.0,5088.66
2010-02-23,94.0,97.5,92.05,92.9,93.2,5282348.0,4981.69
2010-02-22,104.9,105.0,97.55,97.7,98.3,4344719.0,4366.54
2010-02-19,106.0,108.7,102.8,102.9,103.4,11126155.0,11778.55
2010-02-18,104.0,107.2,101.3,106.6,105.0,6216260.0,6479.91
2010-02-17,103.7,105.8,102.6,102.7,103.05,4799584.0,4999.72
2010-02-16,102.3,104.25,100.5,102.65,102.9,4643573.0,4761.19
2010-02-15,105.0,105.2,101.15,101.7,101.6,2649815.0,2732.4
2010-02-11,104.1,106.5,102.6,103.15,103.25,5677527.0,5943.46
2010-02-10,107.5,108.5,102.6,103.2,103.4,8951681.0,9521.79
2010-02-09,105.0,107.8,103.1,106.0,106.65,10332963.0,10906.93
2010-02-08,101.5,104.5,99.3,102.9,103.4,8075878.0,8259.13
2010-02-06,101.0,103.0,100.1,101.2,101.2,1117106.0,1133.04
2010-02-05,99.65,101.0,97.0,99.05,99.05,7055904.0,7006.92
2010-02-04,106.4,108.9,102.8,104.4,103.7,9115459.0,9716.9
2010-02-03,105.25,108.25,104.15,105.8,105.7,11057356.0,11753.29
2010-02-02,107.45,110.9,103.25,103.5,104.05,19796464.0,21374.18
2010-02-01,102.6,109.35,101.6,106.4,107.1,15915458.0,16975.17
2010-01-29,94.6,105.4,92.5,103.8,103.35,16087209.0,15909.5
2010-01-28,96.75,102.3,94.85,97.0,96.25,13863800.0,13621.8
2010-01-27,105.4,109.25,93.55,94.4,95.8,17437969.0,17968.14
2010-01-25,107.4,112.75,105.5,106.7,108.8,21153530.0,23306.83
2010-01-22,102.25,111.65,98.2,107.5,109.55,24942443.0,26392.64
2010-01-21,104.0,108.8,97.6,106.9,107.05,31576553.0,33251.4
2010-01-20,114.0,117.95,104.2,104.65,106.1,29434770.0,32792.3
2010-01-19,95.3,113.25,94.85,113.25,112.15,44060462.0,46872.41
2010-01-18,89.4,94.9,89.4,94.65,94.35,8455987.0,7848.23
2010-01-15,84.95,91.45,84.15,89.85,89.8,5429929.0,4829.27
2010-01-14,84.95,85.6,84.0,84.5,84.3,584563.0,495.13
2010-01-13,84.0,84.7,83.0,84.5,84.25,741507.0,621.41
2010-01-12,87.5,87.5,84.1,85.0,84.7,1419731.0,1218.65
2010-01-11,87.65,93.0,85.85,87.2,86.95,2138688.0,1867.79
2010-01-08,85.2,86.9,84.0,84.6,84.6,1446791.0,1238.19
2010-01-07,85.7,85.85,83.6,84.2,84.15,1300185.0,1097.28
2010-01-06,85.7,87.2,84.8,85.3,85.7,3315045.0,2853.62
2010-01-05,85.0,87.5,83.5,84.55,84.1,5415587.0,4642.28
2010-01-04,74.0,84.25,73.9,83.75,82.7,6430412.0,5187.55
2009-12-31,74.7,74.8,73.85,74.1,74.0,312510.0,232.12
2009-12-30,74.4,74.65,73.55,73.7,73.8,325417.0,241.07
2009-12-29,74.65,74.65,73.8,74.05,74.05,296679.0,219.98
2009-12-24,74.7,75.7,74.0,74.25,74.25,789625.0,589.65
2009-12-23,74.1,75.75,73.6,73.75,74.2,915516.0,682.96
2009-12-22,73.9,75.8,73.0,73.9,73.55,751962.0,554.47
2009-12-21,72.7,73.4,71.7,72.7,72.2,339798.0,246.28
2009-12-18,73.7,76.0,72.3,72.7,72.7,1001174.0,742.13
2009-12-17,74.6,75.65,73.55,73.65,73.8,787779.0,587.8
2009-12-16,72.35,74.7,70.6,74.05,73.65,948139.0,689.85
2009-12-15,74.5,74.7,71.6,71.6,72.05,435601.0,318.67
2009-12-14,75.95,75.95,74.0,74.3,74.2,659062.0,491.97
2009-12-11,78.0,78.7,75.15,75.65,75.8,2385404.0,1844.93
2009-12-10,72.9,75.8,72.55,75.6,75.45,1388932.0,1036.87
2009-12-09,73.2,75.75,72.25,72.6,72.55,1453914.0,1076.75
2009-12-08,73.5,75.8,73.4,73.65,73.9,1011777.0,751.73
2009-12-07,72.7,73.1,71.5,73.1,72.15,412506.0,297.45
2009-12-04,71.5,73.8,71.5,72.3,72.1,648799.0,470.44
2009-12-03,72.25,72.9,71.5,72.0,71.75,421609.0,304.1
2009-12-02,72.5,72.9,71.25,71.4,71.55,718963.0,519.08
2009-12-01,71.15,73.1,70.2,72.2,72.05,728910.0,524.16
2009-11-30,70.0,71.6,69.8,70.2,70.3,535444.0,377.47
2009-11-27,71.0,71.0,66.0,68.5,68.8,832439.0,566.4
2009-11-26,72.8,73.4,71.55,71.9,71.75,449010.0,323.59
2009-11-25,75.3,75.3,72.05,72.7,72.65,554011.0,409.52
2009-11-24,74.45,75.7,73.0,74.5,74.9,922671.0,687.59
2009-11-23,74.3,75.6,73.85,74.6,74.6,781526.0,585.78
2009-11-20,71.45,74.25,71.45,74.1,73.15,735628.0,538.87
2009-11-19,73.2,74.5,71.25,71.6,71.55,600205.0,437.55
2009-11-18,75.0,75.75,73.7,74.15,74.05,730731.0,545.91
2009-11-17,76.75,76.85,73.85,74.2,74.65,1200047.0,901.2
2009-11-16,77.0,77.8,76.05,76.2,76.35,1091944.0,840.17
2009-11-13,76.25,79.3,75.75,76.25,76.25,2543930.0,1976.97
2009-11-12,77.95,78.3,75.3,76.1,75.9,1986999.0,1518.49
2009-11-11,76.3,80.35,75.0,77.6,77.8,9046847.0,7039.56
2009-11-10,73.3,77.2,69.0,74.95,75.35,4641175.0,3458.72
2009-11-09,76.45,76.45,72.0,72.6,72.6,2570062.0,1900.09
2009-11-06,68.15,77.5,67.55,73.6,73.5,10089358.0,7425.85
2009-11-05,58.7,66.8,58.7,66.6,65.8,1843145.0,1188.52
2009-11-04,58.25,59.3,57.4,59.1,58.65,462514.0,269.86
2009-11-03,60.0,60.7,57.0,57.75,57.55,340666.0,200.31
2009-10-30,63.5,64.9,59.05,59.7,60.45,418935.0,261.74
2009-10-29,63.75,63.75,61.0,62.5,62.2,303004.0,188.67
2009-10-28,63.5,64.85,62.0,62.85,62.8,556705.0,351.9
2009-10-27,67.0,68.0,63.3,64.3,64.05,657131.0,432.09
2009-10-26,65.1,71.8,65.1,66.6,66.6,415268.0,283.16
2009-10-23,71.9,73.3,70.4,71.15,71.0,554143.0,398.34
2009-10-22,72.55,74.3,70.25,71.0,70.85,539727.0,389.54
2009-10-21,75.0,76.35,73.5,73.95,74.15,994052.0,744.97
2009-10-20,75.95,78.9,74.5,74.7,74.9,2811361.0,2160.25
2009-10-17,74.95,75.85,74.0,74.35,75.25,1326003.0,996.94
2009-10-16,67.25,74.2,67.25,73.8,73.5,2596765.0,1864.35
2009-10-15,68.8,69.2,66.5,67.4,67.3,453420.0,307.27
2009-10-14,66.0,68.3,65.55,67.75,67.65,766744.0,513.04
2009-10-12,65.55,66.4,65.0,65.0,65.25,344908.0,226.16
2009-10-09,63.4,67.5,63.4,64.7,64.85,400555.0,263.58
2009-10-08,65.1,67.5,65.1,66.35,66.4,358936.0,239.39
2009-10-07,63.4,67.8,63.4,66.3,66.4,505574.0,338.59
2009-10-06,68.05,68.5,64.8,65.7,66.2,397422.0,262.25
2009-10-05,67.4,69.75,67.05,67.3,67.45,630905.0,431.94
2009-10-01,70.4,71.3,68.5,69.0,68.8,633120.0,442.4
2009-09-30,71.15,72.45,69.1,70.2,70.45,976617.0,693.13
2009-09-29,71.7,73.4,70.25,70.5,70.85,1829854.0,1317.93
2009-09-25,65.6,71.45,64.0,70.55,70.7,3687631.0,2562.11
2009-09-24,65.5,66.0,65.0,65.55,65.6,264718.0,173.29
2009-09-23,66.9,68.2,65.25,65.4,65.65,727825.0,486.66
2009-09-22,67.1,67.75,66.0,66.25,66.5,429253.0,286.07
2009-09-18,64.55,68.8,64.55,66.9,66.9,1064227.0,714.46
2009-09-17,66.0,66.6,64.75,65.45,66.0,466128.0,306.25
2009-09-16,66.0,66.8,65.2,65.5,65.4,369006.0,243.1
2009-09-15,64.5,67.8,64.5,65.6,65.75,506929.0,336.08
2009-09-14,64.0,67.25,63.55,65.7,65.7,638071.0,419.28
2009-09-11,66.25,66.8,64.05,64.1,64.5,411807.0,268.67
2009-09-10,67.05,68.5,65.8,66.05,66.15,704375.0,472.98
2009-09-09,66.7,68.0,66.05,66.7,66.35,446926.0,298.76
2009-09-08,69.0,69.35,66.05,66.9,66.7,781331.0,531.21
2009-09-07,68.2,69.4,68.1,68.45,68.55,789910.0,543.77
2009-09-04,67.8,69.9,67.2,67.4,67.5,1267437.0,869.26
2009-09-03,66.35,68.45,65.7,67.4,67.3,847244.0,570.19
2009-09-02,65.65,67.1,65.25,65.55,65.65,469793.0,311.0
2009-09-01,67.45,70.5,65.1,65.8,65.75,1479827.0,1016.5
2009-08-31,66.5,69.15,64.25,67.1,67.25,856891.0,578.49
2009-08-28,66.1,67.5,65.0,66.0,66.05,417359.0,277.0
2009-08-27,65.0,67.7,64.95,66.35,66.3,790691.0,526.12
2009-08-26,65.8,66.7,64.65,64.65,65.2,424119.0,278.8
2009-08-25,65.0,67.7,64.6,65.0,65.2,609497.0,403.03
2009-08-24,65.35,68.4,63.5,65.5,65.9,1246764.0,826.02
2009-08-21,58.95,68.2,58.0,65.1,65.4,1381514.0,876.98
2009-08-20,59.75,60.6,58.6,58.85,58.95,169864.0,101.21
2009-08-19,61.75,62.45,58.0,58.4,58.8,388338.0,234.69
2009-08-18,60.1,62.35,60.1,61.5,61.4,249759.0,153.73
2009-08-17,63.5,64.25,59.95,60.5,60.45,245227.0,152.67
2009-08-14,64.1,65.75,63.5,64.0,65.0,364765.0,235.46
2009-08-13,63.0,64.8,63.0,64.5,64.2,306791.0,196.23
2009-08-12,62.0,62.65,61.05,62.65,62.3,220042.0,136.24
2009-08-11,64.5,65.05,62.6,63.0,62.9,276484.0,175.63
2009-08-10,66.2,66.65,62.9,64.0,64.0,295518.0,189.78
2009-08-07,65.3,67.3,64.0,65.65,65.5,626229.0,411.55
2009-08-06,69.2,69.8,65.0,65.5,66.0,665932.0,452.11
2009-08-05,67.5,70.0,66.05,69.2,69.0,1022146.0,701.87
2009-08-04,69.5,71.0,66.75,67.3,67.45,578660.0,398.92
2009-08-03,68.9,70.3,66.8,69.55,69.7,636674.0,438.17
2009-07-31,67.05,69.35,66.5,68.7,68.4,1367980.0,931.14
2009-07-30,66.85,68.15,65.05,65.7,66.4,589040.0,393.98
2009-07-29,70.9,70.9,62.1,66.5,66.85,937967.0,632.57
2009-07-28,67.0,71.3,66.15,70.2,70.15,1921274.0,1333.65
2009-07-27,66.0,66.65,64.9,65.35,65.7,522581.0,343.89
2009-07-24,63.9,66.7,63.6,65.6,65.65,837120.0,547.53
2009-07-23,64.75,64.75,61.6,62.85,63.15,541624.0,341.9
2009-07-22,65.15,68.0,62.8,63.0,63.25,847126.0,552.49
2009-07-21,62.0,66.8,60.0,64.55,64.8,756577.0,495.55
2009-07-20,65.2,65.9,63.9,64.85,65.15,639800.0,416.07
2009-07-17,64.05,65.45,63.3,65.1,64.45,729971.0,468.82
2009-07-16,65.9,65.9,62.55,63.35,63.05,1146045.0,735.35
2009-07-15,59.65,63.0,59.35,63.0,62.55,718830.0,442.98
2009-07-14,55.8,59.6,55.8,59.25,58.45,861067.0,496.63
2009-07-13,55.0,55.55,52.65,54.5,54.6,668882.0,362.48
2009-07-10,61.9,63.0,55.6,56.8,57.05,620038.0,373.56
2009-07-09,64.6,64.85,61.2,61.45,61.7,877404.0,553.98
2009-07-08,67.0,68.2,63.5,63.85,64.2,918884.0,603.6
2009-07-07,73.0,73.8,66.4,68.1,68.15,1007366.0,689.78
2009-07-06,82.0,83.25,72.15,72.15,72.15,2292444.0,1799.53
2009-07-03,76.85,81.3,75.5,81.0,80.15,1702871.0,1343.36
2009-07-02,77.4,79.5,76.0,76.45,76.85,1243265.0,966.71
2009-07-01,76.4,78.2,74.75,77.25,76.85,1118574.0,855.55
2009-06-30,76.4,80.4,74.2,74.85,75.05,939873.0,725.49
2009-06-29,75.1,77.6,74.1,75.2,75.9,743378.0,568.54
2009-06-26,72.0,76.25,70.1,74.65,74.85,771930.0,578.55
2009-06-25,75.15,76.6,73.2,74.0,73.65,1090509.0,818.0
2009-06-24,74.25,74.5,72.6,73.15,73.45,1044168.0,769.64
2009-06-23,72.0,74.2,69.0,72.75,73.35,1019288.0,734.49
2009-06-22,73.0,76.45,72.2,72.3,72.9,1004737.0,741.66
2009-06-19,73.5,77.6,72.1,75.55,75.25,1714308.0,1283.6
2009-06-18,76.5,78.5,70.35,72.4,71.8,963633.0,707.09
2009-06-17,83.9,83.9,75.65,77.7,77.1,1034178.0,835.71
2009-06-16,86.0,86.4,82.15,82.5,83.4,2928800.0,2474.15
2009-06-15,79.65,87.75,77.6,87.6,85.95,3490434.0,2924.51
2009-06-12,86.0,88.0,78.25,79.35,79.8,2540992.0,2145.64
2009-06-11,77.4,85.0,73.75,84.8,82.9,1899605.0,1528.26
2009-06-10,80.2,81.4,76.4,77.45,77.35,914194.0,719.0
2009-06-09,72.0,81.3,67.75,80.25,79.9,1704711.0,1311.51
2009-06-08,83.0,83.0,73.45,73.45,73.9,687568.0,532.03
2009-06-05,84.9,85.65,81.0,81.45,81.6,781441.0,652.66
2009-06-04,82.1,88.8,80.05,83.9,84.1,2388969.0,2039.37
2009-06-03,89.4,89.65,80.9,81.7,81.75,2554676.0,2130.4
2009-06-02,81.9,86.2,80.7,86.2,86.2,4464278.0,3786.71
2009-06-01,72.9,78.35,72.5,78.35,78.35,1890123.0,1425.74
2009-05-29,71.9,73.45,70.55,70.95,71.2,852740.0,614.56
2009-05-28,74.0,74.0,69.9,70.8,70.6,545412.0,389.54
2009-05-27,75.0,75.0,72.0,73.0,73.35,955846.0,701.41
2009-05-26,75.4,77.4,69.5,70.45,70.2,1744486.0,1289.9
2009-05-25,68.9,73.85,67.95,73.85,73.85,1926459.0,1371.82
2009-05-22,64.0,67.8,63.8,67.25,67.1,1522096.0,1008.17
2009-05-21,65.75,69.75,62.15,65.3,64.55,2041794.0,1368.76
2009-05-20,58.5,65.9,58.5,65.6,65.4,1762052.0,1132.06
2009-05-19,65.0,68.0,56.5,60.3,60.7,2803941.0,1742.54
2009-05-18,58.5,58.5,58.5,58.5,58.5,31106.0,18.2
2009-05-15,46.9,50.5,46.9,48.25,48.75,1517218.0,746.33
2009-05-14,44.5,47.2,44.5,47.15,46.75,394513.0,183.48
2009-05-13,47.1,47.35,45.1,45.1,45.5,343385.0,159.55
2009-05-12,45.0,46.6,44.45,46.6,46.15,359756.0,163.67
2009-05-11,47.5,47.95,44.75,45.5,45.55,248142.0,114.46
2009-05-08,48.0,49.4,46.0,47.15,47.1,524672.0,250.0
2009-05-07,47.35,48.45,46.75,48.0,48.0,405343.0,193.19
2009-05-06,47.9,50.0,45.8,46.65,46.4,844992.0,408.61
2009-05-05,46.8,47.9,46.1,47.3,47.5,451007.0,212.99
2009-05-04,46.1,46.85,45.35,46.3,46.25,285793.0,132.25
2009-04-29,44.0,45.95,43.1,44.85,44.85,267745.0,120.24
2009-04-28,47.4,48.0,43.7,44.25,44.25,287118.0,131.07
2009-04-27,48.0,50.75,47.1,47.1,47.5,574988.0,281.62
2009-04-24,47.4,49.75,46.75,48.35,48.5,765535.0,371.71
2009-04-23,48.55,49.05,45.7,47.35,47.25,815811.0,382.45
2009-04-22,51.1,53.3,48.05,48.6,48.8,2412826.0,1226.59
2009-04-21,43.65,50.0,43.65,49.9,49.55,1906693.0,912.81
2009-04-20,41.05,45.9,41.05,45.35,45.35,614110.0,275.04
2009-04-17,45.0,46.0,41.9,42.7,42.4,527868.0,233.0
2009-04-16,46.55,49.75,43.1,43.15,44.15,1482278.0,705.24
2009-04-15,43.45,46.35,43.4,45.6,45.7,736129.0,335.35
2009-04-13,45.0,46.0,44.0,44.5,44.3,865507.0,388.72
2009-04-09,43.0,47.4,41.15,43.8,43.9,2141875.0,964.52
2009-04-08,39.8,42.9,39.0,41.95,42.05,1181968.0,495.36
2009-04-06,40.0,41.9,39.1,41.05,41.05,1124457.0,457.71
2009-04-02,38.9,40.65,38.7,39.3,39.3,748419.0,297.41
2009-04-01,37.8,39.35,36.8,38.4,38.35,566184.0,217.99
2009-03-31,38.4,38.75,37.15,37.35,37.45,419383.0,158.51
2009-03-30,38.0,40.85,37.2,37.5,37.9,1694256.0,661.79
2009-03-27,36.65,37.65,36.05,37.0,36.95,579814.0,214.59
2009-03-26,36.4,36.85,35.3,36.05,35.85,548859.0,198.8
2009-03-25,34.0,36.0,33.35,35.9,35.65,589812.0,205.72
2009-03-24,34.1,34.9,33.4,33.55,33.6,239894.0,81.82
2009-03-23,33.6,34.35,33.35,33.7,33.75,292310.0,99.01
2009-03-20,33.75,34.2,32.7,33.0,32.95,189000.0,62.85
2009-03-19,34.8,35.7,33.65,33.85,34.05,232754.0,79.74
2009-03-18,34.0,35.1,33.65,34.2,34.15,370185.0,126.95
2009-03-17,33.4,34.75,33.0,33.2,33.25,339314.0,115.29
2009-03-16,32.65,33.6,32.4,32.9,32.9,167106.0,55.03
2009-03-13,31.5,33.15,31.35,32.45,32.3,203450.0,65.63
2009-03-12,31.8,31.8,30.55,30.85,30.8,139933.0,43.41
2009-03-09,31.45,31.7,30.5,30.95,30.7,125320.0,38.74
2009-03-06,31.3,31.8,30.5,31.5,31.45,171495.0,53.43
2009-03-05,32.6,32.75,31.3,31.5,31.65,145169.0,46.49
2009-03-04,32.0,32.85,32.0,32.2,32.25,114639.0,37.17
2009-03-03,32.5,33.25,31.6,31.75,31.9,148201.0,48.09
2009-03-02,33.5,33.8,32.2,32.4,32.5,141297.0,46.84
2009-02-27,34.45,36.4,34.0,34.2,34.3,551559.0,193.69
2009-02-26,32.25,34.8,32.0,34.35,34.35,576336.0,193.44
2009-02-25,32.05,32.9,32.0,32.1,32.25,169205.0,54.93
2009-02-24,32.15,32.35,31.3,31.6,31.75,262446.0,83.61
2009-02-20,34.95,34.95,32.6,32.95,32.95,227359.0,75.5
2009-02-19,35.0,35.8,33.8,34.05,34.0,374196.0,129.19
2009-02-18,34.4,35.75,33.75,34.3,34.35,604279.0,210.55
2009-02-17,36.9,36.9,34.95,34.95,35.15,357263.0,126.87
2009-02-16,39.8,41.35,36.7,36.85,37.1,1178939.0,462.0
2009-02-13,43.4,43.4,39.1,39.75,39.9,2528388.0,1051.77
2009-02-12,37.4,43.4,37.25,42.05,42.45,4630604.0,1875.99
2009-02-11,34.0,37.4,33.1,37.0,36.85,1339638.0,481.28
2009-02-10,33.8,35.5,33.15,34.2,34.0,434650.0,149.69
2009-02-09,32.7,33.9,32.7,33.25,33.45,168892.0,56.31
2009-02-06,32.2,32.95,31.6,32.5,32.55,222319.0,72.11
2009-02-05,32.5,32.95,31.25,31.4,31.55,103945.0,33.29
2009-02-04,33.2,33.7,32.05,32.3,32.45,198326.0,64.99
2009-02-03,34.0,34.3,32.15,32.7,32.45,199108.0,65.86
2009-02-02,33.4,34.75,33.0,33.25,33.5,681122.0,231.34
2009-01-30,31.5,33.1,31.4,32.8,32.75,263594.0,85.76
2009-01-29,32.0,32.1,30.9,31.75,31.65,114453.0,36.24
2009-01-28,31.75,31.9,30.25,31.5,31.45,143531.0,45.19
2009-01-27,30.15,31.9,30.15,31.4,31.2,118123.0,36.77
2009-01-23,31.0,31.6,30.05,30.1,30.25,152314.0,46.97
2009-01-22,33.0,33.25,30.5,30.65,30.8,218290.0,69.25
2009-01-21,32.5,34.4,32.05,32.35,32.5,239549.0,79.97
2009-01-20,33.05,33.4,32.75,32.9,32.95,83910.0,27.69
2009-01-19,33.0,34.4,33.0,33.5,33.65,185373.0,62.48
2009-01-16,33.95,35.2,32.55,33.25,32.9,423997.0,143.27
2009-01-15,31.0,34.45,31.0,33.7,33.8,800846.0,269.24
2009-01-14,31.0,33.0,31.0,32.65,32.7,203685.0,65.6
2009-01-13,31.6,32.15,30.4,30.75,30.9,104657.0,32.74
2009-01-12,32.2,32.7,31.15,31.25,31.35,137861.0,43.86
2009-01-09,31.1,33.0,30.0,31.4,31.45,253713.0,80.65
2009-01-07,38.35,38.5,31.75,33.0,33.05,417704.0,145.0
2009-01-06,38.2,39.5,36.85,37.5,37.6,357898.0,137.62
2009-01-05,39.0,39.65,38.0,38.25,38.25,413498.0,160.25
2009-01-02,36.0,38.9,35.5,38.25,38.15,877890.0,330.68
2009-01-01,34.25,36.5,34.25,36.15,36.25,290430.0,103.53
2008-12-31,34.35,35.6,33.8,34.25,34.1,280938.0,97.7
2008-12-30,32.75,34.4,32.6,33.9,34.05,239681.0,80.51
2008-12-29,32.65,32.9,31.3,32.6,32.4,162391.0,52.28
2008-12-26,36.25,36.8,32.15,32.8,32.45,255195.0,85.91
2008-12-24,33.0,33.85,32.0,32.4,32.25,196221.0,63.9
2008-12-23,35.0,35.2,33.7,34.05,33.9,164177.0,56.2
2008-12-22,37.0,37.9,35.05,35.35,35.3,199476.0,73.08
2008-12-19,37.0,38.65,36.5,36.85,37.05,358769.0,134.74
2008-12-18,34.9,38.8,34.9,37.85,37.7,749734.0,278.95
2008-12-17,38.25,39.4,34.8,35.25,35.35,876368.0,329.59
2008-12-16,34.0,38.8,32.75,37.8,37.0,859846.0,307.83
2008-12-15,32.0,34.2,32.0,33.7,33.5,538578.0,179.57
2008-12-12,29.5,32.35,29.1,31.35,31.4,591284.0,185.89
2008-12-11,30.5,31.25,29.5,30.5,30.45,434501.0,132.92
2008-12-10,28.75,29.5,28.35,29.2,29.2,129892.0,37.75
2008-12-08,30.9,31.0,28.4,28.65,28.65,147308.0,43.4
2008-12-05,29.85,33.0,28.3,28.35,28.65,391082.0,119.61
2008-12-04,25.7,30.75,25.7,30.5,29.7,294552.0,83.22
2008-12-03,25.7,26.1,25.25,25.55,25.7,72417.0,18.67
2008-12-02,26.0,26.0,25.1,25.5,25.35,77614.0,19.83
2008-12-01,26.9,27.0,26.0,26.0,26.1,55639.0,14.79
2008-11-28,26.4,26.7,25.85,26.0,26.05,49414.0,12.95
2008-11-26,26.65,27.0,26.0,26.8,26.6,71546.0,18.92
2008-11-25,27.5,27.6,26.55,26.55,26.95,102958.0,27.93
2008-11-24,26.8,26.9,25.8,26.0,26.45,84571.0,22.31
2008-11-21,25.7,26.65,25.2,26.35,26.4,116785.0,30.45
2008-11-20,27.0,27.0,25.05,26.15,26.0,98737.0,25.44
2008-11-19,27.4,28.5,26.25,26.5,26.65,133857.0,36.85
2008-11-18,27.05,27.85,26.5,27.4,27.3,117093.0,31.88
2008-11-17,30.05,30.05,27.5,28.4,27.8,240127.0,67.5
2008-11-14,31.1,32.3,29.25,29.85,29.8,207310.0,63.06
2008-11-12,32.0,32.1,30.75,31.2,31.0,205397.0,64.46
2008-11-11,34.05,34.45,31.85,32.3,32.1,152418.0,50.23
2008-11-10,30.0,35.5,30.0,34.5,34.6,404141.0,138.94
2008-11-07,32.0,33.8,30.6,33.0,32.85,244809.0,80.34
2008-11-06,31.0,32.5,30.5,32.5,32.05,191568.0,60.43
2008-11-05,33.5,35.45,31.85,32.0,32.4,311605.0,105.86
2008-11-04,33.7,34.5,32.6,34.0,34.1,564769.0,190.36
2008-11-03,34.0,34.3,32.35,33.35,33.35,376826.0,125.82
2008-10-31,32.85,36.0,31.0,31.65,31.6,355674.0,116.13
2008-10-29,32.4,32.4,30.0,30.95,30.6,117421.0,36.53
2008-10-28,30.0,31.8,30.0,31.4,30.9,73599.0,22.63
2008-10-27,29.1,29.9,27.0,28.5,28.5,176240.0,49.8
2008-10-24,31.0,31.85,29.05,29.4,29.65,194539.0,59.3
2008-10-23,31.0,32.9,30.15,31.3,31.3,163588.0,51.84
2008-10-22,34.0,35.8,32.1,32.25,32.8,403400.0,138.18
2008-10-21,33.25,35.5,33.0,34.6,34.55,295894.0,102.05
2008-10-20,31.9,35.3,31.55,32.85,32.7,306390.0,102.23
2008-10-17,34.0,35.15,32.0,32.45,32.25,323835.0,109.41
2008-10-16,30.5,34.25,29.1,32.95,33.4,420913.0,133.05
2008-10-15,33.0,33.0,31.0,31.4,31.5,245247.0,78.03
2008-10-14,36.1,37.2,33.1,33.7,33.55,563129.0,200.81
2008-10-13,31.8,35.0,31.2,35.0,34.5,440768.0,145.44
2008-10-10,34.7,35.0,29.45,30.05,29.9,633506.0,196.98
2008-10-08,38.7,38.7,35.4,36.8,36.7,206942.0,76.19
2008-10-07,40.6,43.1,39.25,39.95,39.8,299873.0,122.99
2008-10-06,43.8,44.5,41.05,41.5,41.4,240247.0,102.02
2008-10-03,46.65,47.8,45.1,45.95,45.9,148657.0,69.05
2008-10-01,49.7,50.9,46.6,47.05,47.15,410218.0,198.7
2008-09-30,42.0,52.0,40.3,49.5,49.7,596074.0,283.9
2008-09-29,47.0,48.05,42.8,43.75,43.45,284968.0,126.56
2008-09-26,52.0,53.5,46.75,47.8,47.55,429290.0,217.74
2008-09-25,53.05,54.8,50.3,51.1,51.1,270160.0,139.19
2008-09-24,50.85,51.75,50.15,50.9,51.05,170728.0,87.34
2008-09-23,50.0,52.25,49.2,50.5,50.35,216956.0,110.53
2008-09-22,51.5,52.2,50.35,50.55,50.7,166818.0,85.49
2008-09-19,49.0,53.0,48.7,50.7,50.65,553636.0,281.01
2008-09-18,41.05,49.65,41.05,48.2,48.7,225529.0,107.38
2008-09-17,51.6,52.65,49.7,49.85,50.05,169287.0,86.94
2008-09-16,48.6,51.8,48.6,51.6,51.25,259636.0,131.16
2008-09-15,52.5,54.0,50.5,51.95,51.85,201719.0,104.06
2008-09-12,59.45,59.5,55.25,55.4,56.1,211910.0,122.33
2008-09-11,59.8,60.5,58.25,58.8,58.55,180790.0,106.92
2008-09-10,59.2,62.95,59.2,59.75,60.0,615637.0,378.45
2008-09-09,60.9,61.2,58.2,60.15,60.4,502044.0,300.66
2008-09-08,62.0,62.0,59.65,60.0,59.85,183768.0,110.89
2008-09-05,59.8,60.75,58.0,58.65,58.9,273535.0,163.37
2008-09-04,61.2,61.55,60.3,60.55,60.45,203418.0,123.71
2008-09-02,60.1,62.4,60.05,61.65,61.55,492253.0,302.81
2008-09-01,60.0,60.4,59.5,59.9,60.0,252937.0,151.59
2008-08-29,61.5,62.8,60.05,60.25,60.3,537780.0,329.44
2008-08-28,61.9,62.0,59.55,60.25,60.1,229660.0,139.48
2008-08-27,64.5,64.5,61.3,61.65,61.6,201759.0,126.72
2008-08-26,64.2,64.85,63.05,63.75,63.9,341513.0,218.4
2008-08-25,65.3,66.9,64.75,65.3,65.05,316963.0,208.77
2008-08-22,65.45,66.6,64.1,64.45,64.45,579374.0,378.34
2008-08-21,68.0,70.0,65.2,65.3,65.95,979050.0,670.07
2008-08-20,66.0,69.45,64.8,68.6,68.5,1283998.0,873.3
2008-08-19,64.0,65.8,61.55,65.3,64.9,677854.0,434.52
2008-08-18,66.4,67.8,63.4,64.2,64.05,514042.0,334.33
2008-08-14,71.1,71.1,66.05,67.2,67.1,538432.0,366.62
2008-08-13,72.0,73.65,70.6,70.8,70.95,939781.0,677.9
2008-08-12,72.0,74.6,70.75,73.0,73.1,2126767.0,1550.8
2008-08-11,69.9,72.5,68.55,71.8,71.65,1447698.0,1031.49
2008-08-08,68.0,71.5,67.5,68.5,68.6,1715704.0,1200.67
2008-08-07,68.0,69.15,65.9,67.05,67.1,589050.0,398.13
2008-08-06,71.0,71.5,66.85,67.5,67.4,493396.0,341.66
2008-08-05,70.8,71.55,68.45,69.5,69.55,548077.0,383.73
2008-08-04,70.9,73.5,70.05,70.3,70.8,1097644.0,789.28
2008-08-01,66.8,71.5,64.1,69.9,70.35,1447196.0,999.86
2008-07-31,68.4,70.8,66.5,67.7,67.45,981512.0,678.61
2008-07-30,68.5,70.0,67.4,67.65,68.05,790228.0,544.57
2008-07-29,68.95,70.15,65.0,66.8,66.6,1164189.0,788.26
2008-07-28,66.4,71.9,64.1,69.15,69.4,2147557.0,1481.41
2008-07-25,64.0,70.5,63.5,65.5,65.4,3017409.0,2038.15
2008-07-24,56.5,66.5,56.15,66.5,65.1,1875303.0,1174.12
2008-07-23,53.7,56.4,53.0,55.75,55.4,415134.0,228.21
2008-07-22,49.55,51.9,48.15,51.85,51.35,175257.0,88.52
2008-07-21,50.5,50.5,48.15,48.9,48.8,81734.0,39.99
2008-07-18,48.55,50.6,47.85,49.4,49.35,217071.0,106.91
2008-07-17,48.8,50.85,47.5,48.4,48.1,132772.0,64.24
2008-07-16,50.5,50.9,46.15,47.75,47.1,206751.0,100.66
2008-07-15,50.15,52.2,48.75,49.35,49.3,153262.0,77.69
2008-07-14,51.05,55.3,51.05,52.2,52.35,334186.0,177.38
2008-07-11,54.85,56.25,51.1,51.5,52.1,363689.0,196.94
2008-07-10,52.7,54.5,51.25,53.25,53.35,237639.0,126.83
2008-07-09,50.0,54.1,50.0,52.9,52.7,367585.0,192.59
2008-07-08,46.7,50.95,45.05,49.2,49.35,304408.0,148.13
2008-07-07,49.0,52.6,46.6,48.1,47.85,312877.0,157.93
2008-07-04,45.0,48.45,44.4,47.4,47.85,173578.0,81.12
2008-07-03,48.7,48.7,46.3,46.3,46.4,130077.0,60.85
2008-07-02,45.7,49.8,45.25,49.0,48.7,357355.0,166.46
2008-07-01,50.0,50.0,47.6,47.6,47.6,112259.0,53.79
2008-06-30,53.6,53.6,50.1,50.1,50.1,128774.0,66.36
2008-06-27,54.0,54.9,52.7,52.7,52.7,429319.0,230.28
2008-06-26,54.4,56.05,53.5,55.2,55.45,729677.0,405.72
2008-06-25,51.05,54.8,51.05,53.0,53.35,319179.0,168.19
2008-06-24,55.55,56.4,53.65,53.65,53.65,229635.0,125.9
2008-06-23,58.4,58.4,56.45,56.45,56.45,145758.0,82.83
2008-06-20,63.0,64.0,59.4,59.6,59.4,196183.0,119.56
2008-06-19,64.9,64.9,62.0,62.1,62.5,217777.0,138.34
2008-06-18,66.0,67.5,64.0,64.6,64.7,361459.0,239.3
2008-06-17,64.9,66.65,63.3,65.5,65.7,463692.0,304.75
2008-06-16,68.4,68.4,64.1,64.3,64.95,736372.0,493.47
2008-06-13,62.95,65.1,61.8,65.1,65.1,633003.0,404.18
2008-06-12,59.9,62.95,57.55,61.75,62.0,394722.0,242.33
2008-06-11,60.6,61.2,59.85,59.95,60.1,163928.0,99.16
2008-06-10,59.0,60.45,56.5,59.5,59.2,321781.0,190.13
2008-06-09,59.0,60.0,59.0,59.0,59.0,130549.0,77.23
2008-06-06,63.3,64.3,61.3,62.4,62.1,212763.0,134.1
2008-06-05,63.55,64.9,61.5,62.45,62.45,356353.0,222.82
2008-06-04,68.15,69.4,64.2,64.25,64.7,240834.0,162.1
2008-06-03,66.0,68.7,65.9,66.5,67.55,404633.0,270.69
2008-06-02,74.9,74.9,69.35,69.35,69.35,299081.0,215.23
2008-05-30,75.0,75.9,70.25,72.95,73.0,328938.0,238.63
2008-05-29,75.05,75.05,72.0,73.55,73.15,585327.0,437.46
2008-05-28,70.5,71.45,69.0,71.45,71.45,644434.0,458.16
2008-05-27,69.0,70.65,67.0,68.6,68.05,547016.0,378.83
2008-05-26,68.5,69.4,67.2,67.2,67.25,164610.0,112.4
2008-05-23,73.4,75.5,70.3,70.45,70.7,262612.0,190.79
2008-05-22,74.15,76.2,72.7,72.8,73.05,318979.0,237.26
2008-05-21,71.8,75.6,71.05,74.8,75.15,527337.0,393.02
2008-05-20,74.45,76.2,72.0,72.8,73.15,472199.0,351.12
2008-05-16,73.75,75.5,72.3,74.6,74.85,678968.0,503.72
2008-05-15,73.0,74.3,72.5,73.1,73.0,202864.0,148.57
2008-05-14,71.5,73.8,71.0,72.5,72.7,398386.0,290.19
2008-05-13,75.5,76.8,70.75,71.0,71.5,681518.0,508.9
2008-05-12,71.4,75.05,67.9,75.05,74.25,729952.0,526.21
2008-05-09,75.8,76.75,71.2,71.2,71.45,283894.0,210.96
2008-05-08,77.3,77.5,74.5,74.8,74.95,303029.0,229.54
2008-05-07,74.1,78.2,73.15,78.2,77.75,443322.0,340.65
2008-05-06,77.5,77.8,73.3,74.75,74.45,326593.0,248.53
2008-05-05,76.95,78.65,73.05,76.0,76.5,1043166.0,803.3
2008-05-02,74.85,74.9,70.05,74.9,74.9,363181.0,265.8
2008-04-30,75.0,76.5,71.15,71.15,71.3,206288.0,150.55
2008-04-29,76.0,77.0,74.4,74.55,74.9,278170.0,209.8
2008-04-28,78.2,78.65,75.1,75.7,76.3,406504.0,313.59
2008-04-25,78.2,79.7,73.5,76.15,76.8,1011665.0,782.41
2008-04-24,81.65,81.65,76.0,76.2,76.6,1025555.0,814.62
2008-04-23,77.75,77.75,75.5,77.75,77.75,688266.0,534.41
2008-04-22,74.05,74.05,70.0,74.05,74.05,941791.0,692.46
2008-04-21,70.5,70.5,70.5,70.5,70.5,35256.0,24.86
2008-04-17,66.0,67.1,66.0,67.1,67.1,171663.0,114.93
2008-04-16,63.0,63.9,61.5,63.9,63.9,701304.0,445.41
2008-04-15,58.65,60.85,55.15,60.85,60.85,479133.0,283.22
2008-04-11,57.45,57.95,55.1,57.95,57.95,427824.0,245.14
2008-04-10,52.1,55.15,51.9,55.15,55.15,321221.0,176.21
2008-04-09,51.0,53.7,50.25,52.6,52.5,194575.0,102.01
2008-04-08,50.8,52.45,49.75,51.3,51.15,107293.0,54.41
2008-04-07,50.7,51.75,48.3,50.3,50.45,141759.0,71.32
2008-04-04,52.95,52.95,50.05,50.1,50.3,126582.0,64.9
2008-04-03,53.0,53.3,51.0,51.3,51.45,124970.0,64.9
2008-04-02,54.8,55.2,51.5,51.6,52.35,163389.0,87.05
2008-04-01,53.5,54.85,50.0,53.0,52.6,230421.0,120.46
2008-03-31,53.25,55.3,51.0,51.5,52.2,338112.0,181.7
2008-03-28,51.7,52.65,50.65,52.65,52.65,364538.0,191.35
2008-03-27,48.25,50.95,47.5,50.1,50.1,382128.0,189.9
2008-03-26,48.9,49.65,46.0,49.3,49.35,531439.0,261.58
2008-03-25,45.55,47.25,43.35,47.25,47.25,631211.0,290.97
2008-03-24,47.05,47.1,45.0,45.0,45.0,87213.0,39.79
2008-03-19,52.0,52.1,47.15,47.15,47.35,246814.0,123.09
2008-03-18,52.0,53.2,49.0,49.2,49.6,347647.0,177.37
2008-03-17,58.6,58.6,52.75,52.75,52.75,281731.0,151.03
2008-03-14,58.0,59.7,55.0,58.8,58.6,585649.0,338.48
2008-03-13,61.0,62.35,57.1,57.25,57.55,469260.0,279.62
2008-03-12,72.0,74.4,62.6,62.6,63.35,1318586.0,898.66
2008-03-11,64.75,70.8,62.1,69.2,69.55,681987.0,466.78
2008-03-10,62.3,66.9,62.05,64.2,64.75,449572.0,284.99
2008-03-07,68.95,68.95,68.95,68.95,68.95,12146.0,8.37
2008-03-05,72.65,73.35,72.55,72.55,72.55,146384.0,106.37
2008-03-04,79.0,79.0,76.35,76.35,76.35,132498.0,101.36
2008-03-03,80.35,82.0,80.35,80.35,80.35,349439.0,281.86
2008-02-29,88.3,92.8,84.25,84.25,84.55,2073964.0,1841.13
2008-02-28,89.0,89.05,84.3,89.05,88.65,554434.0,484.24
2008-02-27,85.5,89.65,84.0,84.6,84.8,510478.0,447.88
2008-02-26,83.5,85.35,82.0,85.35,85.35,448311.0,376.95
2008-02-25,84.55,84.55,80.0,81.0,81.25,222823.0,181.35
2008-02-22,80.0,84.7,78.3,82.05,82.25,450525.0,370.0
2008-02-21,82.0,83.35,80.6,82.15,81.65,252118.0,207.14
2008-02-20,82.9,83.4,79.5,81.15,81.3,348806.0,284.02
2008-02-19,88.75,88.75,82.7,83.5,83.35,494510.0,426.47
2008-02-18,85.4,86.5,82.5,85.05,84.5,605576.0,514.64
2008-02-15,78.3,83.0,76.25,82.5,82.35,780203.0,634.34
2008-02-14,79.7,79.7,73.25,79.7,79.7,601547.0,467.93
2008-02-13,77.7,79.2,75.9,75.9,75.9,210505.0,161.89
2008-02-12,84.05,84.05,79.85,79.85,79.85,140261.0,112.7
2008-02-11,85.1,90.4,84.05,84.05,84.05,416846.0,358.74
2008-02-08,93.9,94.65,88.1,88.1,88.45,741621.0,666.59
2008-02-07,97.75,101.45,92.0,92.4,92.7,1203173.0,1190.2
2008-02-06,89.9,96.6,87.45,96.6,96.6,1419312.0,1334.6
2008-02-05,90.0,92.15,85.4,92.15,92.0,701916.0,641.58
2008-02-04,89.95,89.95,86.5,88.0,87.75,408707.0,363.97
2008-02-01,93.0,93.0,85.4,85.4,85.65,261878.0,225.43
2008-01-31,86.6,92.7,85.7,89.5,89.85,376457.0,338.74
2008-01-30,97.2,97.2,90.2,90.2,90.2,200085.0,184.71
2008-01-29,86.55,95.7,86.55,94.7,94.95,732723.0,688.77
2008-01-28,91.1,91.1,91.1,91.1,91.1,19251.0,17.54
2008-01-25,95.85,95.85,95.85,95.85,95.85,59302.0,56.84
2008-01-24,101.1,101.95,100.85,100.85,100.85,144443.0,145.69
2008-01-23,106.15,112.0,106.15,106.15,106.15,315141.0,334.67
2008-01-22,111.7,111.7,111.7,111.7,111.7,115212.0,128.69
2008-01-21,118.1,122.0,117.55,117.55,117.55,370150.0,435.21
2008-01-18,133.4,135.9,123.4,123.4,123.7,1581304.0,2067.52
2008-01-17,128.9,129.85,124.05,129.85,129.85,1097509.0,1413.93
2008-01-16,116.45,123.65,112.15,123.65,123.65,1422611.0,1726.94
2008-01-15,128.1,128.1,116.55,118.5,117.75,1244719.0,1551.76
2008-01-14,112.0,122.0,111.1,122.0,122.0,609367.0,721.46
2008-01-11,116.2,119.5,116.15,116.15,116.15,861709.0,1004.16
2008-01-10,122.25,132.5,122.25,122.25,122.25,1570451.0,1974.8
2008-01-09,128.65,128.65,128.65,128.65,128.65,69685.0,89.65
2008-01-08,144.7,148.0,135.4,135.4,135.4,720162.0,997.9
2008-01-07,148.8,150.45,140.6,142.6,142.5,4163359.0,6171.59
2008-01-04,143.25,143.25,143.25,143.25,143.25,119346.0,170.96
2008-01-03,135.8,136.4,129.9,136.4,136.4,575000.0,782.03
2008-01-02,129.9,129.9,117.55,129.9,129.9,3762852.0,4797.03
2008-01-01,123.7,123.7,123.7,123.7,123.7,173216.0,214.27
2007-12-31,117.8,117.8,117.8,117.8,117.8,30017.0,35.36
2007-12-28,111.9,112.15,107.5,112.15,112.15,286963.0,319.92
2007-12-27,106.8,106.8,104.4,106.8,106.8,270586.0,288.13
2007-12-26,96.5,101.7,96.5,101.7,101.7,531468.0,532.36
2007-12-24,101.9,102.5,96.0,96.5,96.85,1955498.0,1948.06
2007-12-20,97.6,97.6,97.6,97.6,97.6,331185.0,323.24
2007-12-19,92.95,92.95,92.95,92.95,92.95,130224.0,121.04
2007-12-18,84.95,88.5,81.0,88.5,88.5,1388073.0,1204.61
2007-12-17,88.0,89.65,82.0,84.85,84.25,1729410.0,1528.84
2007-12-14,81.5,85.35,81.4,85.35,85.35,279000.0,235.71
2007-12-13,84.2,84.2,80.7,81.0,81.25,608818.0,501.46
2007-12-12,82.0,85.0,81.3,83.2,83.45,622598.0,519.09
2007-12-11,85.0,87.0,83.05,83.25,83.7,951502.0,811.26
2007-12-10,86.0,86.9,83.0,84.4,84.65,1079026.0,919.48
2007-12-07,88.7,90.7,82.1,83.0,83.7,1535381.0,1320.82
2007-12-06,83.45,86.4,82.25,86.4,86.4,1994945.0,1710.93
2007-12-05,85.1,85.7,81.1,82.35,82.25,1538862.0,1281.54
2007-12-04,82.0,86.9,81.0,84.9,84.4,5037864.0,4248.76
2007-12-03,76.85,82.0,75.5,81.55,80.7,2922446.0,2313.7
2007-11-30,68.45,74.8,65.4,74.8,74.8,2553935.0,1855.07
2007-11-29,66.0,71.55,64.6,68.4,68.0,1638691.0,1122.17
2007-11-28,68.0,69.25,64.5,64.7,65.05,739601.0,499.36
2007-11-27,65.0,69.55,63.5,67.7,67.3,787201.0,530.47
2007-11-26,68.0,69.0,65.0,65.3,65.25,804319.0,536.29
2007-11-23,66.5,68.4,65.0,67.0,66.5,763058.0,510.09
2007-11-22,67.8,70.5,62.7,66.15,65.15,1227013.0,798.2
2007-11-21,75.95,78.65,68.85,68.85,68.85,1426874.0,1032.25
2007-11-20,80.0,82.0,75.0,76.9,76.5,2251673.0,1776.79
2007-11-19,82.15,85.0,78.2,79.85,79.3,2607009.0,2140.4
2007-11-16,78.9,84.95,77.0,82.5,81.15,7291502.0,5959.74
2007-11-15,74.05,83.8,73.0,78.55,78.8,7815461.0,6214.94
2007-11-14,64.85,72.0,61.4,72.0,72.0,7386538.0,5126.53
2007-11-13,57.5,61.45,57.5,60.75,60.0,839732.0,504.96
2007-11-12,55.8,58.75,55.4,57.3,57.5,428771.0,246.39
2007-11-09,59.5,59.5,56.9,57.2,57.65,103397.0,59.59
2007-11-08,57.1,58.4,55.3,57.0,56.85,361996.0,207.48
2007-11-07,59.1,60.95,57.1,57.8,57.9,738181.0,435.54
2007-11-06,59.65,64.0,58.15,59.7,59.1,2397497.0,1484.14
2007-11-05,56.5,61.95,56.5,59.2,59.05,1513305.0,906.04
2007-11-02,55.4,59.0,53.0,57.5,57.75,1076445.0,611.64
2007-11-01,56.45,60.9,55.05,56.2,56.35,2160089.0,1256.55
2007-10-31,56.45,58.4,55.0,55.95,55.9,760544.0,433.98
2007-10-30,52.5,57.6,51.6,56.2,56.0,1121876.0,617.83
2007-10-29,55.0,59.65,52.05,52.45,52.3,327510.0,174.56
2007-10-26,53.0,54.15,52.0,53.25,53.2,332638.0,177.23
2007-10-25,52.9,53.95,52.1,52.9,52.7,274146.0,145.72
2007-10-24,52.95,53.8,52.0,52.9,52.45,234084.0,123.45
2007-10-23,51.8,53.1,51.0,52.75,52.35,275164.0,143.27
2007-10-22,50.2,51.0,47.3,49.55,50.0,242807.0,121.55
2007-10-19,51.8,52.95,49.5,50.3,50.3,403431.0,204.55
2007-10-18,53.9,59.5,51.0,51.8,52.25,659926.0,362.93
2007-10-17,53.5,54.0,49.1,52.45,52.45,399502.0,207.42
2007-10-16,56.0,56.0,53.7,54.75,54.45,402436.0,220.72
2007-10-15,54.95,57.35,54.95,55.6,55.5,452698.0,253.52
2007-10-12,55.8,57.3,54.5,55.15,54.95,435365.0,243.56
2007-10-11,53.4,58.0,53.4,56.7,56.7,525998.0,298.0
2007-10-10,56.2,63.0,56.1,57.2,56.95,887099.0,510.25
2007-10-09,54.0,56.35,52.0,56.05,55.95,1226117.0,669.98
2007-10-08,60.05,60.45,52.5,54.45,54.1,1346399.0,743.42
2007-10-05,60.3,62.5,58.1,58.45,59.15,2018954.0,1228.0
2007-10-04,59.4,61.5,57.0,59.75,59.95,1460287.0,870.04
2007-10-03,62.9,63.2,57.1,59.4,59.3,1390655.0,842.37
2007-10-01,62.0,64.2,60.05,62.1,61.95,2051304.0,1281.62
2007-09-28,60.3,63.1,58.2,61.5,61.7,2782926.0,1707.42
2007-09-27,62.85,63.45,58.5,60.3,59.9,1617915.0,990.59
2007-09-26,61.4,67.8,60.65,61.2,61.6,5755606.0,3694.24
2007-09-25,62.0,62.5,57.65,60.9,61.2,2678184.0,1628.88
2007-09-24,58.95,62.5,56.15,61.45,61.15,3579715.0,2177.57
2007-09-21,56.5,59.75,56.3,58.0,57.9,3149822.0,1849.44
2007-09-20,54.3,57.15,53.35,56.05,56.25,1940256.0,1084.33
2007-09-19,55.8,56.8,53.8,54.0,54.0,764898.0,420.0
2007-09-18,52.7,55.8,52.1,54.65,54.5,1238845.0,673.62
2007-09-17,53.4,54.25,52.25,52.7,52.8,733796.0,390.07
2007-09-14,55.6,56.35,52.75,53.25,53.05,1063045.0,579.91
2007-09-13,55.0,57.35,54.1,54.7,54.7,3070242.0,1715.3
2007-09-12,53.0,56.4,52.0,54.7,54.9,3440160.0,1877.3
2007-09-11,52.5,53.3,51.6,52.1,51.9,619052.0,324.13
2007-09-10,50.15,52.7,50.05,52.4,52.15,783255.0,407.35
2007-09-07,53.6,53.6,51.5,52.0,51.85,1045922.0,550.01
2007-09-06,53.0,53.8,51.3,53.2,53.05,816833.0,434.46
2007-09-05,53.75,55.45,52.85,53.1,53.1,1978267.0,1065.17
2007-09-04,51.5,55.7,51.5,53.2,53.4,6266446.0,3376.5
2007-09-03,50.5,52.35,50.2,51.15,51.2,2286667.0,1177.53
2007-08-31,48.5,51.0,48.5,50.15,50.25,2570494.0,1289.23
2007-08-30,49.35,50.9,47.8,48.25,48.2,971325.0,479.16
2007-08-29,47.0,49.8,46.0,48.9,48.95,1422710.0,693.37
2007-08-28,47.85,48.0,46.75,47.3,47.2,545679.0,258.34
2007-08-27,47.05,49.0,47.05,47.75,47.95,835571.0,400.83
2007-08-24,48.1,49.4,46.6,47.6,47.6,1097497.0,525.63
2007-08-23,50.3,52.35,46.75,47.5,47.4,4249322.0,2125.73
2007-08-22,47.7,49.65,45.1,49.1,49.1,3096264.0,1482.47
2007-08-21,54.45,54.5,46.2,46.8,46.85,5552021.0,2820.91
2007-08-20,46.0,53.8,46.0,52.3,52.85,5432426.0,2766.43
2007-08-17,47.5,48.4,43.5,44.8,44.8,1685603.0,768.8
2007-08-16,45.0,51.8,44.5,46.4,46.65,1978994.0,972.57
2007-08-14,47.4,49.25,46.15,48.0,48.1,961601.0,464.34
2007-08-13,47.0,48.2,45.4,47.4,47.2,599328.0,283.65
2007-08-10,43.4,45.5,42.3,45.2,45.05,265944.0,118.32
2007-08-09,48.5,49.5,45.25,45.55,45.6,552774.0,260.58
2007-08-08,45.3,48.7,45.0,47.5,47.5,926835.0,438.06
2007-08-07,45.0,46.2,44.5,44.75,45.05,308754.0,140.23
2007-08-06,43.0,45.0,42.3,45.0,44.55,284438.0,124.59
2007-08-03,45.75,46.4,44.75,45.25,45.3,300047.0,136.41
2007-08-02,43.95,46.2,43.25,45.0,45.05,459524.0,206.54
2007-08-01,46.75,46.75,43.2,44.0,43.65,388781.0,173.53
2007-07-31,47.45,47.7,46.25,47.3,47.0,274385.0,129.13
2007-07-30,47.25,48.0,45.7,46.3,46.2,420104.0,196.9
2007-07-27,50.15,50.15,45.6,47.1,47.25,652206.0,313.01
2007-07-26,51.0,52.3,49.5,50.1,50.6,1053993.0,534.43
2007-07-25,51.4,52.0,49.1,50.65,50.55,1079127.0,547.7
2007-07-24,50.4,55.0,49.15,51.7,51.9,4838952.0,2561.5
2007-07-23,55.0,56.25,49.3,50.0,49.85,3327628.0,1734.51
2007-07-20,45.7,54.1,45.4,54.1,54.1,5424838.0,2782.46
2007-07-19,44.25,45.65,44.25,45.25,45.05,289403.0,130.26
2007-07-18,43.2,44.85,43.15,44.15,44.05,207055.0,91.5
2007-07-17,45.25,45.9,43.3,43.6,43.65,319957.0,143.44
2007-07-16,44.3,45.75,43.7,44.9,44.55,300539.0,134.08
2007-07-13,46.9,46.9,43.1,43.5,43.65,438853.0,197.45
2007-07-12,47.5,48.4,46.0,46.25,46.35,791502.0,373.85
2007-07-11,42.0,47.7,42.0,46.9,46.3,498017.0,227.39
2007-07-10,46.0,46.3,43.55,43.7,43.7,534411.0,240.95
2007-07-09,42.75,45.9,42.5,45.25,45.0,1065275.0,476.14
2007-07-06,42.05,43.65,41.65,42.5,42.5,264555.0,113.37
2007-07-05,42.5,42.75,41.0,41.65,41.95,269552.0,113.04
2007-07-04,43.2,43.2,42.0,42.0,42.3,206223.0,87.5
2007-07-03,42.0,44.0,42.0,42.7,42.7,459166.0,198.34
2007-07-02,40.5,43.3,40.5,42.1,42.05,197500.0,84.36
2007-06-29,41.0,43.4,41.0,42.65,42.9,520977.0,220.56
2007-06-28,41.5,41.5,40.75,40.8,40.95,54104.0,22.21
2007-06-27,41.4,41.4,40.75,41.0,40.95,69418.0,28.47
2007-06-26,41.0,42.1,40.9,41.15,41.45,167951.0,69.75
2007-06-25,41.0,41.35,40.7,41.0,40.95,68210.0,27.98
2007-06-22,41.0,41.45,40.85,40.95,41.0,115166.0,47.24
2007-06-21,40.85,41.35,40.5,40.8,41.0,76626.0,31.35
2007-06-20,41.35,42.15,41.0,41.15,41.3,67706.0,27.99
2007-06-19,41.0,42.3,40.6,41.4,41.45,178584.0,74.2
2007-06-18,41.5,41.5,40.65,40.9,40.95,60439.0,24.76
2007-06-15,41.35,41.35,40.8,41.25,41.0,84122.0,34.53
2007-06-14,41.85,41.85,40.5,41.4,41.1,108819.0,44.66
2007-06-13,40.5,41.6,40.15,40.5,40.5,177444.0,72.29
2007-06-12,40.2,40.65,39.6,40.4,40.4,184080.0,74.05
2007-06-11,40.7,40.95,40.15,40.85,40.55,154584.0,62.58
2007-06-08,39.9,40.4,39.3,40.0,39.95,143410.0,57.29
2007-06-07,40.7,41.35,39.7,40.4,40.25,193918.0,78.35
2007-06-06,41.85,42.45,40.1,40.9,40.7,299239.0,123.86
2007-06-05,42.8,43.25,41.75,41.95,42.15,607288.0,257.06
2007-06-04,41.35,44.35,40.7,42.9,42.7,2473337.0,1061.27
2007-06-01,37.05,41.45,37.05,40.35,40.25,555614.0,224.72
2007-05-31,39.5,40.0,38.65,38.9,38.8,46775.0,18.27
2007-05-30,39.9,40.8,38.8,38.85,39.25,343871.0,137.94
2007-05-29,39.1,39.9,38.5,39.4,39.35,168282.0,66.06
2007-05-28,39.0,39.25,38.5,38.5,38.7,80200.0,31.22
2007-05-25,38.05,38.6,37.25,38.4,38.35,89983.0,34.44
2007-05-24,39.4,39.4,38.2,38.4,38.3,88244.0,34.02
2007-05-23,37.5,40.0,37.5,38.7,38.75,145992.0,57.24
2007-05-22,39.0,40.5,38.65,39.35,39.45,171482.0,67.95
2007-05-21,39.05,39.9,38.8,39.0,39.15,135480.0,53.19
2007-05-18,39.6,39.75,38.65,38.8,38.8,112438.0,43.8
2007-05-17,40.4,40.55,39.4,39.5,39.65,117717.0,46.93
2007-05-16,39.0,40.9,39.0,39.8,39.75,148496.0,59.6
2007-05-15,41.0,41.5,40.0,40.1,40.2,351683.0,143.43
2007-05-14,38.1,41.2,38.1,40.9,40.45,450622.0,178.94
2007-05-11,37.5,38.4,36.8,37.8,37.85,134303.0,50.84
2007-05-10,38.95,38.95,38.0,38.1,38.1,118822.0,45.74
2007-05-09,38.95,38.95,37.6,38.45,38.3,91135.0,34.88
2007-05-08,41.5,41.55,38.2,38.55,38.4,487020.0,191.3
2007-05-07,40.0,42.45,39.55,41.0,41.2,1240328.0,509.92
2007-05-04,38.7,39.75,37.45,39.2,39.05,267981.0,104.49
2007-05-03,37.4,39.4,37.4,38.6,38.5,208845.0,80.71
2007-04-30,36.0,38.0,36.0,37.4,37.25,89222.0,33.31
2007-04-27,38.6,38.9,36.7,36.9,37.0,115858.0,43.51
2007-04-26,39.7,39.9,38.3,38.35,38.5,120728.0,46.9
2007-04-25,36.95,39.55,36.8,39.05,39.05,375632.0,144.86
2007-04-24,35.5,37.5,35.5,37.2,37.0,127701.0,47.23
2007-04-23,37.95,38.0,36.8,36.95,37.0,67824.0,25.34
2007-04-20,37.15,38.0,37.15,37.4,37.3,74282.0,27.89
2007-04-19,37.9,38.45,36.75,37.0,37.15,130035.0,48.59
2007-04-18,38.9,38.9,37.75,38.2,38.05,52584.0,20.07
2007-04-17,38.4,39.0,37.6,37.85,37.9,100831.0,38.72
2007-04-16,40.0,40.0,37.6,38.7,38.4,109977.0,42.11
2007-04-13,37.5,37.95,37.1,37.25,37.4,54166.0,20.27
2007-04-12,37.25,37.75,36.0,37.2,37.25,83210.0,30.99
2007-04-11,36.4,37.9,36.4,37.25,37.2,160123.0,59.82
2007-04-10,36.65,36.75,36.0,36.1,36.4,70944.0,25.82
2007-04-09,36.0,36.8,36.0,36.6,36.5,99424.0,36.25
2007-04-05,35.1,37.5,34.8,35.8,35.85,80385.0,28.9
2007-04-04,34.65,35.75,34.45,35.4,35.4,75215.0,26.37
2007-04-03,34.85,34.9,34.1,34.25,34.35,24113.0,8.29
2007-04-02,35.0,35.0,34.15,34.15,34.25,54857.0,18.86
2007-03-30,34.55,35.35,34.5,35.1,35.1,79508.0,27.83
2007-03-29,33.95,34.85,33.95,34.7,34.5,70585.0,24.28
2007-03-28,35.0,35.0,33.75,34.0,33.95,156629.0,53.58
2007-03-26,36.05,36.6,35.0,35.25,35.15,72694.0,25.85
2007-03-23,35.9,36.65,35.5,35.9,36.0,94043.0,34.05
2007-03-22,36.0,36.4,35.4,36.1,35.95,147060.0,52.93
2007-03-21,35.5,35.8,34.9,34.9,35.2,205262.0,72.27
2007-03-20,35.85,36.2,35.05,35.1,35.15,65808.0,23.42
2007-03-19,34.7,35.55,34.7,35.3,35.35,54480.0,19.19
2007-03-16,35.0,35.8,34.5,34.85,34.6,60298.0,21.02
2007-03-15,35.55,36.0,34.75,34.9,35.0,67538.0,23.98
2007-03-14,34.1,35.8,34.1,35.3,35.35,82230.0,29.01
2007-03-13,35.75,36.5,35.1,36.25,36.25,64832.0,23.36
2007-03-12,36.1,36.7,35.5,35.8,35.9,52088.0,18.79
2007-03-09,37.2,37.2,35.4,35.85,35.9,93254.0,33.55
2007-03-08,34.75,37.0,33.9,36.5,36.15,246198.0,86.35
2007-03-07,36.0,36.9,33.75,34.1,33.95,215094.0,75.39
2007-03-06,37.05,37.55,32.5,35.75,35.55,203745.0,72.93
2007-03-05,44.25,44.25,35.6,35.95,35.85,284207.0,103.77
2007-03-02,40.5,41.0,38.45,38.7,38.95,176934.0,70.67
2007-03-01,40.5,41.7,39.5,40.2,40.05,309414.0,124.98
2007-02-28,44.0,45.5,40.0,40.0,40.25,1147369.0,492.57
2007-02-27,43.45,45.2,43.05,44.0,43.75,310055.0,136.51
2007-02-26,42.1,44.3,42.0,43.65,43.4,355923.0,153.55
2007-02-23,45.2,45.25,41.75,42.1,42.1,514851.0,221.78
2007-02-22,44.5,45.25,43.1,44.35,43.75,277082.0,122.51
2007-02-21,43.75,46.2,43.75,44.9,44.7,569339.0,255.71
2007-02-20,44.45,44.75,42.9,43.5,43.45,251136.0,109.21
2007-02-19,44.25,46.5,43.6,43.75,43.95,462102.0,208.17
2007-02-15,43.0,45.75,42.75,44.75,44.5,578063.0,256.49
2007-02-14,42.0,42.6,40.95,42.2,42.3,239619.0,100.57
2007-02-13,42.6,44.15,41.6,42.4,42.5,521368.0,223.84
2007-02-12,45.0,45.65,41.95,42.6,42.75,824791.0,356.11
2007-02-09,49.85,49.85,44.75,45.0,45.35,1797445.0,848.67
2007-02-08,44.45,49.3,43.3,48.15,48.15,1957926.0,921.66
2007-02-07,44.0,45.7,43.75,44.35,44.15,433826.0,194.59
2007-02-06,44.0,45.3,43.55,43.8,43.85,379055.0,167.52
2007-02-05,45.0,45.0,43.5,43.9,43.95,289949.0,127.55
2007-02-02,44.4,45.85,43.65,44.2,44.25,900531.0,404.23
2007-02-01,42.8,44.9,42.05,44.35,44.1,1069920.0,469.03
2007-01-31,43.0,43.35,40.05,41.05,41.3,300590.0,126.17
2007-01-29,40.0,43.3,40.0,42.4,42.3,192499.0,82.14
2007-01-25,42.8,43.85,41.9,42.0,42.15,219375.0,93.9
2007-01-24,42.5,43.6,41.6,42.15,42.0,234282.0,99.74
2007-01-23,42.7,45.0,42.1,42.1,42.35,281127.0,121.5
2007-01-22,45.45,45.45,43.1,43.25,43.35,237615.0,104.29
2007-01-19,43.45,45.8,42.2,44.45,44.5,727613.0,321.17
2007-01-18,45.0,45.85,43.0,43.5,43.25,439560.0,195.06
2007-01-17,46.5,47.4,44.65,44.75,44.9,893943.0,412.57
2007-01-16,41.7,47.0,41.5,46.05,46.3,1680042.0,755.39
2007-01-15,43.1,43.8,41.55,41.7,41.95,461802.0,195.59
2007-01-12,41.9,43.5,41.4,41.8,41.8,736194.0,311.99
2007-01-11,38.95,41.7,38.2,41.3,41.25,646527.0,262.38
2007-01-10,38.9,38.9,37.85,38.4,38.15,88324.0,33.8
2007-01-09,38.05,39.8,38.05,38.2,38.35,177588.0,69.08
2007-01-08,38.25,39.2,38.05,38.7,38.55,154483.0,59.63
2007-01-05,37.5,39.5,37.5,37.95,37.95,147418.0,56.83
2007-01-04,39.0,39.85,38.25,38.45,38.35,318828.0,124.02
2007-01-03,37.8,38.55,37.35,38.55,38.3,185141.0,70.57
2007-01-02,38.0,38.0,37.2,37.5,37.45,86264.0,32.39
2006-12-29,37.4,38.0,36.8,37.1,36.95,82704.0,30.75
2006-12-28,37.95,38.45,37.25,37.5,37.4,102232.0,38.48
2006-12-27,36.85,37.9,36.8,37.65,37.55,112822.0,42.23
2006-12-26,36.8,37.4,36.15,37.05,37.05,86104.0,31.94
2006-12-22,37.3,38.0,36.4,36.75,36.8,113886.0,42.13
2006-12-21,36.0,37.0,36.0,36.75,36.65,45798.0,16.85
2006-12-20,38.0,38.0,36.1,36.25,36.35,115128.0,42.3
2006-12-19,38.2,38.2,36.55,36.7,37.0,112136.0,41.98
2006-12-18,39.8,39.8,37.55,37.8,37.8,157343.0,59.96
2006-12-15,39.7,40.0,38.0,39.15,38.9,292032.0,113.77
2006-12-14,36.2,38.75,35.1,38.65,38.35,405003.0,152.16
2006-12-13,33.55,35.6,33.25,35.45,35.05,206995.0,71.05
2006-12-12,35.2,36.4,33.1,33.75,33.75,156272.0,54.35
2006-12-11,37.35,37.4,35.4,35.8,35.65,140637.0,50.99
2006-12-08,37.6,37.95,37.1,37.1,37.25,48784.0,18.25
2006-12-07,37.6,38.2,37.25,37.4,37.45,53425.0,20.08
2006-12-06,38.55,38.55,37.5,37.7,37.7,81946.0,31.02
2006-12-05,38.75,38.8,37.75,38.1,38.05,171760.0,65.43
2006-12-04,38.3,39.25,37.65,37.75,37.95,295579.0,113.4
2006-12-01,38.0,39.35,37.8,38.35,38.4,169392.0,65.52
2006-11-30,38.75,38.75,37.55,37.65,37.75,85717.0,32.59
2006-11-29,38.0,38.7,38.0,38.15,38.2,87252.0,33.49
2006-11-28,38.2,38.8,37.8,37.95,38.0,94674.0,36.32
2006-11-27,40.0,40.0,39.0,39.2,39.2,125025.0,49.11
2006-11-24,39.0,39.9,38.5,39.8,39.55,375353.0,148.0
2006-11-23,37.9,39.3,37.3,38.6,38.5,288559.0,111.14
2006-11-22,37.9,38.95,36.75,37.1,37.1,217771.0,81.92
2006-11-21,37.2,38.55,37.2,38.2,38.1,69032.0,26.33
2006-11-20,38.2,38.2,37.0,38.0,37.8,78389.0,29.36
2006-11-17,39.25,39.25,38.0,38.0,38.2,146855.0,56.32
2006-11-16,39.0,39.3,38.6,38.8,38.9,81380.0,31.71
2006-11-15,40.4,40.45,37.95,38.9,38.75,197819.0,77.67
2006-11-14,40.05,41.5,39.65,39.65,39.8,334885.0,134.99
2006-11-13,39.65,39.65,38.7,39.05,38.95,129087.0,50.37
2006-11-10,39.85,39.85,38.75,39.0,38.9,140608.0,55.08
2006-11-09,40.0,40.4,39.25,39.25,39.6,88095.0,35.18
2006-11-08,40.8,41.0,39.5,39.55,39.65,142423.0,57.2
2006-11-07,40.95,42.0,40.2,40.3,40.65,468145.0,192.84
2006-11-06,39.15,41.35,38.9,40.5,40.6,332956.0,134.39
2006-11-03,39.65,39.7,38.5,39.2,39.1,114975.0,44.83
2006-11-02,39.75,40.8,38.6,39.0,39.45,156208.0,62.33
2006-11-01,41.6,41.6,39.9,40.1,40.1,169946.0,68.85
2006-10-31,41.75,42.25,40.8,41.0,41.0,134099.0,55.74
2006-10-30,42.4,42.55,41.4,41.55,41.6,206963.0,86.71
2006-10-27,42.4,44.0,41.9,42.7,42.75,701505.0,300.88
2006-10-26,42.5,42.7,41.7,41.85,41.85,112112.0,47.21
2006-10-23,41.75,42.7,41.45,41.95,41.95,210554.0,88.63
2006-10-21,42.05,42.45,41.75,42.15,42.1,38501.0,16.2
2006-10-20,42.4,42.55,41.2,41.4,41.35,141834.0,59.42
2006-10-19,42.15,43.1,41.6,41.8,41.85,232075.0,98.21
2006-10-18,42.05,42.4,41.6,41.8,41.9,89930.0,37.86
2006-10-17,43.4,43.45,41.85,42.0,42.05,134808.0,56.78
2006-10-16,44.05,44.5,42.35,42.6,42.6,174903.0,75.17
2006-10-13,44.05,44.5,43.05,43.15,43.25,246281.0,108.01
2006-10-12,43.0,45.75,42.5,44.05,44.05,1081669.0,479.95
2006-10-11,45.0,45.0,42.1,42.5,42.6,379882.0,164.31
2006-10-10,44.5,45.15,43.5,43.75,43.75,270129.0,119.77
2006-10-09,43.1,45.35,43.05,43.7,43.7,858953.0,380.71
2006-10-06,43.4,44.75,43.1,43.6,43.55,641375.0,281.88
2006-10-05,43.0,44.25,42.5,43.0,43.05,598440.0,259.19
2006-10-04,41.75,42.5,41.3,41.95,41.55,179091.0,75.16
2006-10-03,42.3,42.35,41.25,41.45,41.35,91861.0,38.22
2006-09-29,42.3,42.5,41.7,41.85,41.85,94953.0,40.0
2006-09-28,42.5,42.85,41.55,41.95,41.75,115005.0,48.19
2006-09-27,42.35,44.15,42.15,42.35,42.45,340267.0,146.87
2006-09-26,42.8,43.0,41.65,41.75,41.8,164515.0,69.24
2006-09-25,43.4,43.6,42.0,42.05,42.15,208849.0,89.49
2006-09-22,42.8,43.6,42.1,43.4,43.25,315232.0,135.63
2006-09-21,43.45,44.3,42.3,42.75,42.8,640107.0,277.47
2006-09-20,41.4,43.4,40.9,42.4,42.5,747627.0,315.3
2006-09-19,42.35,42.4,40.55,40.9,40.95,486720.0,202.95
2006-09-18,43.5,43.5,41.55,41.9,41.8,283356.0,120.34
2006-09-15,42.7,43.65,42.0,42.75,42.8,315853.0,135.86
2006-09-14,43.45,44.45,42.7,43.2,43.15,570724.0,248.6
2006-09-13,42.5,44.25,42.25,42.9,42.85,509949.0,220.24
2006-09-12,41.8,42.4,40.7,42.1,42.0,334860.0,139.71
2006-09-11,45.6,45.9,41.4,41.75,41.8,671311.0,289.83
2006-09-08,41.9,45.75,41.75,45.75,45.45,1960625.0,878.29
2006-09-07,41.9,42.5,41.25,41.55,41.55,142932.0,59.64
2006-09-06,41.15,43.6,41.0,42.35,42.25,480334.0,202.7
2006-09-05,41.65,41.7,40.6,41.05,41.0,373587.0,153.25
2006-09-04,42.5,42.9,40.8,40.9,40.9,185520.0,77.16
2006-09-01,42.0,43.25,41.35,42.0,42.0,261309.0,110.61
2006-08-31,42.5,42.5,41.1,42.05,42.0,208870.0,87.39
2006-08-30,42.6,42.6,41.15,42.15,42.05,270610.0,113.1
2006-08-29,42.0,42.8,41.1,42.15,42.1,501296.0,210.49
2006-08-28,41.5,41.9,40.35,41.4,41.25,285300.0,116.95
2006-08-25,40.5,42.2,40.1,41.4,41.1,665584.0,274.82
2006-08-24,39.25,41.15,39.25,40.3,40.35,408859.0,164.95
2006-08-23,38.9,42.25,38.1,40.95,40.6,1069357.0,434.19
2006-08-22,40.0,40.65,38.75,39.0,39.05,487095.0,194.64
2006-08-21,38.7,40.0,38.0,39.35,39.55,643789.0,253.04
2006-08-18,37.6,38.2,37.0,37.0,37.15,141894.0,53.15
2006-08-17,38.5,39.5,37.2,37.2,37.55,230650.0,87.89
2006-08-16,38.7,38.7,37.55,38.0,38.0,356687.0,135.83
2006-08-14,39.4,39.4,37.0,37.65,37.6,223642.0,84.27
2006-08-11,36.0,39.8,35.9,37.2,37.15,613966.0,232.53
2006-08-10,36.4,36.7,35.9,36.1,36.15,198764.0,72.22
2006-08-09,38.45,38.9,35.55,36.15,36.05,650597.0,237.09
2006-08-08,37.0,37.15,36.05,37.15,37.15,254921.0,94.67
2006-08-07,33.9,35.35,32.65,35.35,35.35,244792.0,84.45
2006-08-04,34.0,35.0,33.55,33.55,33.65,77233.0,26.34
2006-08-03,34.3,34.7,33.8,34.1,34.25,157671.0,54.55
2006-08-02,32.4,34.6,32.4,34.6,34.05,196406.0,66.05
2006-08-01,32.4,33.5,32.4,33.0,32.95,70363.0,23.16
2006-07-31,32.6,33.25,32.5,33.1,33.0,122006.0,40.19
2006-07-28,32.35,32.85,31.95,32.0,32.05,85300.0,27.58
2006-07-27,32.0,33.0,32.0,32.25,32.35,85818.0,28.03
2006-07-26,31.4,32.6,31.4,32.0,32.2,63147.0,20.31
2006-07-25,31.6,32.3,31.6,31.8,31.9,79904.0,25.61
2006-07-24,31.95,31.95,30.75,31.35,31.45,112400.0,35.14
2006-07-21,31.6,31.9,30.8,31.0,31.0,92500.0,28.84
2006-07-20,30.7,32.0,30.7,31.75,31.6,77910.0,24.6
2006-07-19,32.5,33.0,30.8,30.8,30.8,125675.0,39.14
2006-07-18,32.5,33.75,32.25,32.55,32.4,49711.0,16.19
2006-07-17,33.55,34.0,32.6,32.6,32.85,80237.0,26.66
2006-07-14,33.9,34.1,33.2,33.9,33.8,69129.0,23.34
2006-07-13,33.5,34.6,33.5,34.15,34.2,98052.0,33.45
2006-07-12,33.0,33.95,32.5,33.5,33.35,142029.0,47.22
2006-07-11,33.6,34.9,33.0,34.05,34.05,123145.0,42.27
2006-07-10,34.25,34.5,33.2,33.7,33.5,83083.0,27.95
2006-07-07,35.75,35.85,34.15,34.35,34.25,152494.0,53.09
2006-07-06,34.5,35.9,34.15,35.4,35.2,169964.0,60.17
2006-07-05,35.0,35.7,35.0,35.35,35.25,72134.0,25.54
2006-07-04,35.6,36.5,34.8,35.1,35.1,122585.0,43.5
2006-07-03,36.4,36.4,35.5,35.85,35.8,75105.0,27.01
2006-06-30,35.7,36.5,35.5,35.95,35.85,136019.0,48.8
2006-06-29,35.0,36.35,34.9,35.05,35.05,144617.0,51.44
2006-06-28,34.4,34.95,33.5,34.8,34.65,137103.0,46.98
2006-06-27,36.8,36.8,35.05,35.05,35.15,222851.0,78.52
2006-06-26,40.5,40.5,36.9,36.9,36.9,509402.0,193.78
2006-06-25,38.7,38.8,37.9,38.8,38.8,119463.0,46.24
2006-06-23,35.9,36.95,34.15,36.95,36.95,386811.0,141.24
2006-06-22,35.0,35.15,34.0,35.15,35.15,220811.0,77.38
2006-06-21,32.0,33.45,31.85,33.45,33.45,244698.0,81.39
2006-06-20,32.0,33.2,30.35,31.5,31.85,288796.0,92.77
2006-06-19,31.1,32.0,30.0,31.9,31.95,273634.0,86.18
2006-06-16,30.95,31.15,30.5,31.15,30.9,360824.0,112.15
2006-06-15,29.8,29.95,29.0,29.95,29.65,311156.0,92.4
2006-06-14,30.0,31.9,27.75,29.1,28.5,311788.0,92.71
2006-06-13,32.0,32.0,30.25,30.25,30.25,326589.0,100.1
2006-06-12,36.9,36.9,33.2,33.6,33.6,234714.0,79.91
2006-06-09,32.5,35.75,32.45,35.25,35.35,633967.0,215.87
2006-06-08,34.9,34.9,34.15,34.15,34.15,46260.0,15.81
2006-06-07,36.5,37.35,35.95,35.95,35.95,183840.0,66.99
2006-06-06,39.0,39.0,37.75,37.75,37.8,145542.0,55.33
2006-06-05,41.0,42.0,39.25,39.95,39.7,169537.0,67.8
2006-06-02,39.6,42.8,39.3,39.75,40.2,370310.0,147.25
2006-06-01,42.75,45.05,41.35,41.35,41.35,306524.0,131.57
2006-05-31,45.0,45.0,43.5,43.5,43.5,152993.0,66.78
2006-05-30,49.55,49.55,45.15,45.4,45.75,475023.0,226.64
2006-05-29,46.75,47.25,46.15,47.25,47.25,204922.0,96.46
2006-05-26,44.45,45.15,43.55,45.15,45.0,327726.0,146.99
2006-05-25,44.0,44.0,41.8,42.55,43.0,427458.0,182.91
2006-05-24,46.5,48.25,43.75,43.75,43.75,574954.0,263.85
2006-05-23,45.05,47.75,45.0,45.75,46.05,752191.0,341.62
2006-05-22,49.5,49.5,47.35,47.35,47.35,35340.0,16.82
2006-05-19,52.0,53.7,49.8,49.8,49.8,411685.0,206.67
2006-05-18,54.7,55.15,52.4,52.4,52.4,182191.0,96.0
2006-05-17,54.0,55.3,53.05,55.3,55.15,979992.0,535.1
2006-05-16,55.0,55.0,52.25,52.35,52.65,505606.0,265.62
2006-05-15,57.85,57.85,55.0,55.0,55.0,580238.0,326.14
2006-05-12,58.7,63.7,57.85,57.85,57.85,1194111.0,711.91
2006-05-11,64.5,65.4,60.8,60.8,60.9,584375.0,363.78
2006-05-10,64.0,66.5,63.5,63.5,64.0,1330585.0,865.91
2006-05-09,64.0,66.5,62.0,63.7,64.1,1772661.0,1138.41
2006-05-08,69.0,70.4,63.85,63.85,64.15,3552095.0,2386.91
2006-05-05,61.55,67.75,58.5,67.75,67.2,6051646.0,3942.12
2006-05-04,69.4,69.4,61.0,61.0,61.55,3068447.0,1945.21
2006-05-03,67.0,72.3,66.15,67.8,67.75,6457936.0,4482.57
2006-05-02,62.0,65.7,61.5,65.7,65.7,2156462.0,1387.4
2006-04-29,54.0,59.7,54.0,59.7,59.7,3053264.0,1783.07
2006-04-28,53.0,56.7,51.6,54.0,54.25,4914824.0,2665.44
2006-04-27,50.5,57.6,49.95,55.25,56.75,11948721.0,6568.61
2006-04-26,41.5,48.0,39.7,48.0,48.0,3258232.0,1446.72
2006-04-25,37.7,43.5,37.0,40.0,40.0,1740263.0,717.8
2006-04-24,36.95,37.7,36.5,37.05,37.25,113650.0,42.11
2006-04-21,37.0,37.35,36.7,36.95,36.85,64804.0,23.93
2006-04-20,37.9,37.9,36.75,37.1,37.0,129821.0,48.34
2006-04-19,37.1,38.4,37.1,37.55,37.35,63396.0,23.82
2006-04-18,37.3,38.2,37.3,37.65,37.8,95134.0,35.9
2006-04-17,37.65,37.95,35.75,37.35,37.3,96882.0,36.08
2006-04-13,38.0,38.8,37.1,37.9,37.5,137548.0,51.78
2006-04-12,40.0,40.0,38.1,38.4,38.25,98588.0,38.27
2006-04-10,37.7,40.4,37.5,39.55,39.35,289126.0,113.79
2006-04-07,39.8,39.9,38.1,38.2,38.35,243082.0,94.86
2006-04-05,39.4,39.4,38.5,39.0,39.0,260133.0,101.17
2006-04-04,39.2,39.2,37.85,38.4,38.45,200669.0,77.11
2006-04-03,37.4,38.7,37.0,38.25,38.1,274090.0,104.49
2006-03-31,36.0,37.4,35.6,37.4,37.0,227263.0,83.57
2006-03-30,36.4,37.3,35.6,35.85,35.85,138248.0,49.66
2006-03-29,35.0,36.45,35.0,36.0,35.75,98082.0,35.23
2006-03-28,36.0,37.0,35.4,35.55,35.65,164832.0,59.48
2006-03-27,36.85,38.9,36.5,36.5,36.6,184541.0,68.31
2006-03-24,35.4,36.5,35.4,36.3,36.15,205482.0,74.56
2006-03-23,36.65,36.65,36.1,36.3,36.2,121124.0,43.88
2006-03-22,36.7,36.85,36.3,36.45,36.45,98927.0,36.12
2006-03-21,37.5,37.75,36.6,37.0,36.85,168818.0,62.55
2006-03-20,37.85,37.85,37.1,37.2,37.3,141277.0,52.82
2006-03-17,37.25,37.5,36.5,37.0,37.0,130206.0,48.21
2006-03-16,37.5,38.4,34.35,37.4,37.15,103334.0,38.74
2006-03-14,38.0,39.9,37.65,38.15,38.0,148048.0,56.31
2006-03-13,37.5,39.8,37.5,38.1,37.8,122147.0,46.33
2006-03-10,37.15,38.4,37.15,37.5,37.5,200026.0,75.2
2006-03-09,38.0,38.6,37.3,37.8,37.5,128930.0,48.53
2006-03-08,38.55,38.9,37.75,37.8,37.9,171106.0,65.46
2006-03-07,38.9,39.5,38.4,39.0,38.8,161424.0,62.85
2006-03-06,38.55,38.8,38.2,38.5,38.4,109135.0,42.02
2006-03-03,38.85,39.15,38.05,38.5,38.3,165998.0,63.84
2006-03-02,38.9,39.7,38.5,39.0,38.85,121036.0,47.13
2006-03-01,40.0,40.05,38.6,38.75,38.95,179532.0,70.32
2006-02-28,42.4,42.75,39.55,39.65,39.75,496860.0,204.53
2006-02-27,42.5,42.5,41.1,41.65,41.4,208118.0,86.94
2006-02-24,42.9,44.25,41.55,41.9,41.75,244038.0,102.36
2006-02-23,42.95,43.4,41.3,41.7,41.55,623122.0,264.65
2006-02-22,41.5,44.1,41.15,42.4,42.4,1479033.0,629.64
2006-02-21,40.2,41.8,40.2,41.15,41.15,585795.0,241.4
2006-02-20,41.0,41.35,40.15,40.75,40.75,163221.0,66.42
2006-02-17,41.7,41.85,40.85,41.7,41.45,679375.0,281.4
2006-02-16,39.6,41.3,39.55,40.9,40.8,450304.0,183.55
2006-02-15,40.65,40.7,39.15,39.7,39.7,263396.0,104.91
2006-02-14,39.3,42.7,39.3,39.85,39.9,320997.0,129.2
2006-02-13,39.15,40.35,38.95,39.2,39.15,214918.0,85.0
2006-02-10,38.9,39.9,38.45,39.7,39.1,206945.0,80.74
2006-02-08,39.2,39.6,38.7,38.8,38.9,151790.0,59.39
2006-02-07,41.0,41.0,38.05,38.9,38.65,259957.0,100.86
2006-02-06,39.05,39.4,38.7,38.85,38.9,87913.0,34.32
2006-02-03,39.0,39.6,38.4,38.8,38.7,176750.0,69.07
2006-02-02,40.8,41.0,38.6,38.95,38.95,232254.0,91.67
2006-02-01,42.0,42.2,40.2,40.25,40.45,241437.0,99.96
2006-01-31,41.0,42.2,40.6,42.0,41.9,346029.0,143.98
2006-01-30,42.5,43.5,40.45,40.45,40.7,141072.0,58.41
2006-01-27,40.9,41.85,40.2,41.55,41.55,390119.0,161.13
2006-01-25,40.8,42.35,39.7,40.05,40.15,203652.0,82.26
2006-01-24,41.0,42.25,40.65,40.8,40.9,181460.0,75.09
2006-01-23,41.0,41.45,40.6,40.75,40.85,93207.0,38.25
2006-01-20,41.5,42.5,41.0,41.1,41.1,98191.0,40.57
2006-01-19,40.5,41.9,40.15,41.5,41.35,194867.0,80.37
2006-01-18,40.2,40.55,39.45,39.95,40.0,189101.0,75.59
2006-01-17,41.4,41.85,40.0,40.15,40.2,233778.0,95.5
2006-01-16,42.0,42.25,41.1,41.35,41.2,229033.0,95.06
2006-01-13,42.55,43.0,41.75,41.8,41.95,279243.0,118.19
2006-01-12,42.9,43.3,42.1,42.4,42.25,236686.0,100.73
2006-01-10,43.3,43.75,42.45,42.5,42.55,235672.0,101.11
2006-01-09,43.7,44.5,42.9,43.1,43.2,363831.0,158.38
2006-01-06,44.35,44.35,42.9,43.0,43.1,353662.0,153.81
2006-01-05,43.6,44.3,43.3,43.8,43.65,336807.0,147.26
2006-01-04,44.35,44.7,43.3,43.4,43.5,284998.0,125.29
2006-01-03,45.35,45.9,44.0,44.1,44.2,741412.0,333.05
2006-01-02,42.95,45.3,42.95,45.0,44.9,733587.0,325.36
2005-12-30,42.9,43.4,42.5,42.6,42.75,349500.0,150.1
2005-12-29,43.35,44.9,42.3,43.0,42.9,1329149.0,574.99
2005-12-28,44.3,44.6,42.95,43.5,43.35,361682.0,157.97
2005-12-27,45.9,45.9,44.0,44.05,44.25,765805.0,342.29
2005-12-26,43.7,48.2,42.3,45.1,45.1,3415973.0,1565.79
2005-12-23,43.0,44.35,41.95,43.65,43.65,732749.0,317.17
2005-12-22,42.9,43.75,42.65,42.85,42.8,101683.0,43.76
2005-12-21,43.25,43.95,42.0,42.8,42.45,141628.0,60.86
2005-12-20,44.2,44.95,43.3,43.3,43.5,189308.0,83.35
2005-12-19,44.85,45.4,44.2,44.75,44.65,150029.0,66.85
2005-12-16,44.85,45.3,44.25,44.7,44.65,223095.0,100.06
2005-12-15,46.0,46.0,44.1,44.35,44.35,256322.0,115.15
2005-12-14,45.7,52.3,45.45,45.5,45.65,607236.0,279.04
2005-12-13,46.1,46.8,45.2,45.35,45.35,491151.0,224.5
2005-12-12,45.2,46.85,44.7,45.7,46.0,1105498.0,509.46
2005-12-09,46.2,46.4,44.6,45.05,44.95,499530.0,226.3
2005-12-08,46.6,47.25,45.5,45.75,45.9,1758061.0,816.28
2005-12-07,45.45,46.6,44.6,46.2,46.2,3171850.0,1451.43
2005-12-06,43.25,46.25,42.65,45.05,45.05,2944837.0,1322.24
2005-12-05,41.7,43.75,41.7,43.0,43.0,791898.0,341.07
2005-12-02,42.5,43.5,42.0,42.1,42.3,624687.0,267.71
2005-12-01,42.45,42.75,41.75,42.5,42.55,282428.0,119.91
2005-11-30,41.0,43.65,41.0,41.8,41.95,704812.0,301.71
2005-11-29,43.1,43.1,41.6,41.7,41.75,229933.0,96.96
2005-11-28,42.15,43.3,42.0,42.7,43.0,410345.0,174.98
2005-11-26,42.6,42.95,41.8,42.0,42.05,111230.0,47.04
2005-11-25,42.45,43.4,42.15,42.4,42.45,335072.0,143.1
2005-11-24,42.1,42.7,41.9,42.2,42.0,194877.0,82.3
2005-11-23,42.1,42.9,41.8,41.9,42.0,226803.0,95.82
2005-11-22,43.25,43.75,42.05,42.15,42.45,528894.0,227.15
2005-11-21,43.0,44.5,41.85,42.95,43.1,889855.0,386.32
2005-11-18,42.9,43.4,41.1,42.75,42.75,848553.0,364.14
2005-11-17,41.6,42.7,40.7,42.6,42.45,721080.0,302.7
2005-11-16,41.85,41.85,40.5,40.5,40.75,187292.0,77.07
2005-11-14,41.4,42.9,41.1,41.2,41.45,292851.0,122.2
2005-11-11,40.6,41.6,40.6,40.7,40.8,171826.0,70.44
2005-11-10,41.9,42.0,40.7,40.75,40.95,193053.0,79.45
2005-11-09,42.0,42.85,41.0,41.3,41.25,329304.0,137.3
2005-11-08,42.4,43.25,40.8,41.9,41.95,680912.0,286.37
2005-11-07,40.55,42.7,40.0,42.1,42.15,1051381.0,439.3
2005-11-02,36.55,41.7,36.55,41.0,40.8,1022945.0,406.1
2005-11-01,36.4,38.0,36.4,37.55,37.5,142975.0,53.39
2005-10-31,35.4,36.0,34.85,35.75,35.85,82083.0,29.09
2005-10-28,35.5,36.0,34.65,35.1,35.0,192993.0,68.07
2005-10-27,35.1,36.85,35.1,35.25,35.4,226450.0,81.09
2005-10-26,37.0,37.0,35.8,35.9,36.0,96677.0,35.1
2005-10-25,37.0,37.4,36.0,36.6,36.4,131112.0,47.82
2005-10-24,35.5,36.85,35.5,36.15,35.95,236923.0,85.89
2005-10-21,35.75,36.4,34.5,35.5,35.5,373714.0,131.48
2005-10-20,38.5,38.7,34.55,35.5,35.6,414061.0,150.6
2005-10-19,38.5,38.65,37.05,37.35,37.2,236174.0,89.4
2005-10-18,40.5,40.6,38.5,38.6,38.85,207415.0,82.23
2005-10-17,38.6,40.4,38.1,40.25,39.85,370298.0,145.0
2005-10-14,40.7,40.95,38.6,39.05,38.9,337208.0,132.67
2005-10-13,41.0,41.4,40.35,40.5,40.7,236136.0,96.82
2005-10-11,41.95,41.95,40.65,41.35,41.15,242661.0,99.9
2005-10-10,42.0,42.55,41.25,41.5,41.55,428348.0,180.15
2005-10-07,42.45,43.5,41.5,42.05,42.15,717097.0,305.36
2005-10-06,43.0,43.75,42.0,42.0,42.25,1295284.0,555.27
2005-10-05,44.1,44.9,42.5,43.85,43.55,3227550.0,1414.23
2005-10-04,41.8,44.45,41.25,43.8,43.95,2034252.0,878.52
2005-10-03,43.0,43.0,40.25,41.4,41.25,267146.0,110.13
2005-09-30,40.6,41.65,39.25,40.8,40.6,521488.0,209.8
2005-09-29,42.4,43.2,41.0,41.25,41.2,616875.0,259.84
2005-09-28,42.65,43.25,41.85,42.2,42.2,737437.0,312.52
2005-09-27,41.0,42.8,40.3,41.65,41.9,838695.0,350.02
2005-09-26,38.1,40.6,38.1,40.55,40.25,296006.0,118.59
2005-09-23,38.75,40.5,37.6,39.6,39.2,567047.0,221.07
2005-09-22,40.5,41.85,38.0,38.05,38.15,655540.0,258.07
2005-09-21,42.65,42.85,39.0,41.15,41.3,1004742.0,407.72
2005-09-20,43.45,43.95,42.5,42.7,42.65,543796.0,233.55
2005-09-19,42.7,45.0,42.4,43.5,43.5,1469462.0,643.98
2005-09-16,46.0,46.0,42.7,43.05,43.1,796274.0,344.61
2005-09-15,41.4,43.7,41.4,43.3,43.25,1176775.0,506.29
2005-09-14,42.2,42.5,41.05,41.6,41.35,420594.0,175.71
2005-09-13,42.65,42.9,42.0,42.05,42.1,477526.0,202.05
2005-09-12,42.25,42.7,41.7,42.45,42.45,688083.0,291.4
2005-09-09,41.6,42.6,41.55,41.7,41.65,406491.0,170.72
2005-09-08,42.3,42.75,41.1,42.1,42.05,308803.0,129.96
2005-09-06,42.8,42.9,41.85,42.1,42.05,454740.0,191.77
2005-09-05,43.8,43.8,42.1,42.25,42.35,583052.0,250.93
2005-09-02,43.65,44.0,42.9,43.1,43.05,549007.0,237.56
2005-09-01,42.3,44.65,42.3,43.25,43.25,946001.0,414.1
2005-08-31,42.4,45.0,41.7,43.8,43.7,3629907.0,1579.96
2005-08-30,42.2,43.5,42.1,42.15,42.4,638660.0,273.63
2005-08-29,42.6,42.85,41.5,42.0,42.0,477613.0,200.32
2005-08-26,42.45,43.35,41.95,42.25,42.55,851216.0,361.8
2005-08-25,41.9,43.0,41.65,42.4,42.4,846928.0,358.01
2005-08-24,42.95,42.95,40.8,41.5,41.55,1426372.0,597.16
2005-08-23,46.15,46.65,42.4,42.75,42.7,3968151.0,1764.5
2005-08-22,42.0,47.2,41.3,46.0,45.75,6897604.0,3110.39
2005-08-19,40.1,41.9,40.0,40.4,40.5,616094.0,253.16
2005-08-18,42.4,43.6,41.05,41.4,41.3,1631569.0,689.87
2005-08-17,42.0,43.65,40.55,42.4,42.4,3180477.0,1339.77
2005-08-16,41.0,41.5,40.45,40.9,40.75,900312.0,367.44
2005-08-12,40.0,41.35,38.75,40.55,40.45,1959987.0,794.51
2005-08-11,38.0,39.25,37.65,38.8,38.7,995483.0,383.27
2005-08-10,37.95,38.0,37.25,37.7,37.75,476341.0,179.55
2005-08-09,38.55,38.95,37.05,37.05,37.2,923280.0,347.7
2005-08-08,38.2,39.45,38.0,38.55,38.4,341129.0,131.69
2005-08-05,37.9,39.35,37.9,38.85,38.75,355661.0,138.44
2005-08-04,39.05,39.85,38.65,38.65,38.8,514904.0,200.95
2005-08-03,39.5,40.6,38.55,38.7,38.85,627848.0,246.54
2005-08-02,38.5,39.5,37.1,39.3,39.2,706667.0,276.69
2005-08-01,39.5,39.65,37.8,38.8,38.75,861124.0,331.94
2005-07-29,36.65,41.6,36.65,38.85,39.25,1440292.0,577.54
2005-07-27,40.05,40.3,38.2,39.1,39.25,1576366.0,622.32
2005-07-26,45.7,45.7,40.0,41.1,41.05,3054271.0,1295.89
2005-07-25,46.5,46.95,44.25,45.05,45.25,2441557.0,1106.91
2005-07-22,45.7,47.4,44.65,46.6,46.25,2364776.0,1093.57
2005-07-21,48.4,48.85,44.25,45.65,45.35,3333075.0,1553.57
2005-07-20,48.95,52.15,46.7,47.7,47.45,7713129.0,3840.72
2005-07-19,45.5,51.65,45.5,48.25,48.3,18689201.0,9228.99
2005-07-18,39.5,47.25,39.5,45.4,45.8,12156906.0,5380.34
2005-07-15,38.6,39.85,38.5,39.35,39.45,1622874.0,639.18
2005-07-14,38.25,39.5,38.1,38.2,38.2,1566221.0,606.03
2005-07-13,37.4,38.25,36.5,37.8,37.75,765583.0,288.16
2005-07-12,37.9,38.2,37.4,38.0,37.85,436138.0,164.8
2005-07-11,37.7,38.15,37.2,37.75,37.75,314985.0,118.56
2005-07-08,36.55,37.6,36.55,37.45,37.4,517191.0,192.19
2005-07-07,37.9,38.35,36.0,36.0,36.25,594267.0,221.09
2005-07-06,35.55,37.7,35.55,37.4,37.2,374119.0,138.73
2005-07-05,35.5,36.75,35.5,35.75,35.85,278960.0,100.71
2005-07-04,35.9,36.0,35.5,35.85,35.85,119365.0,42.78
2005-07-01,35.1,36.0,35.1,35.7,35.6,96950.0,34.58
2005-06-30,35.5,36.0,35.15,35.15,35.35,111227.0,39.51
2005-06-29,35.15,36.45,35.15,35.6,35.6,95940.0,34.25
2005-06-28,36.4,37.0,35.1,35.65,36.0,235445.0,84.99
2005-06-27,36.95,36.95,35.6,35.85,35.75,119988.0,43.55
2005-06-24,36.45,37.2,35.8,36.3,36.3,304040.0,110.9
2005-06-23,35.5,36.4,35.5,35.9,35.75,71075.0,25.4
2005-06-22,36.45,36.5,35.25,35.4,35.4,133675.0,47.84
2005-06-21,36.7,36.7,35.5,36.0,35.95,123773.0,44.58
2005-06-20,36.5,36.8,35.6,35.9,35.9,63533.0,22.89
2005-06-17,37.1,37.1,35.65,35.65,35.8,121770.0,43.9
2005-06-16,37.9,37.9,36.25,36.85,36.75,154786.0,56.84
2005-06-15,38.0,38.0,37.0,37.0,37.05,93053.0,34.61
2005-06-14,37.3,38.3,36.0,37.0,37.1,81232.0,30.41
2005-06-13,38.4,38.4,37.6,38.0,38.0,145424.0,55.22
2005-06-10,38.0,38.4,37.75,38.0,38.0,370753.0,140.86
2005-06-09,37.9,38.35,37.25,38.05,38.05,293528.0,111.56
2005-06-08,38.0,38.5,37.3,37.65,37.55,171555.0,64.97
2005-06-07,38.0,38.65,37.25,37.6,37.6,151010.0,57.15
2005-06-06,38.9,39.3,37.9,38.35,38.1,384590.0,146.94
2005-06-04,37.0,38.8,36.45,38.6,38.4,531734.0,202.44
2005-06-03,36.3,36.9,36.15,36.6,36.55,106575.0,38.93
2005-06-02,37.35,37.35,36.25,36.5,36.5,107088.0,39.16
2005-06-01,37.1,37.4,36.5,36.9,36.8,134796.0,49.74
2005-05-31,36.2,37.25,36.2,37.0,37.05,175522.0,64.74
2005-05-30,36.0,37.65,34.8,36.85,36.8,231018.0,84.47
2005-05-27,37.9,37.9,36.2,37.05,36.95,429814.0,158.85
2005-05-26,38.0,38.2,37.0,37.4,37.5,271143.0,101.56
2005-05-25,36.8,38.4,36.6,38.1,37.95,753109.0,284.91
2005-05-24,36.5,37.15,35.25,36.9,36.7,336615.0,122.05
2005-05-23,36.95,36.95,35.8,36.2,36.2,230644.0,84.12
2005-05-20,34.55,37.3,30.8,36.65,36.45,768005.0,279.13
2005-05-19,35.25,35.7,34.9,34.95,34.95,115058.0,40.53
2005-05-18,35.4,35.5,34.5,35.15,35.05,121220.0,42.47
2005-05-17,35.5,35.75,35.2,35.2,35.35,282729.0,100.13
2005-05-16,35.0,35.55,35.0,35.25,35.35,234764.0,82.98
2005-05-13,34.2,35.35,33.8,34.85,34.95,343315.0,119.93
2005-05-12,34.0,35.15,33.95,34.9,34.9,396151.0,137.01
2005-05-11,33.75,34.2,33.2,33.8,33.95,158532.0,53.78
2005-05-10,34.95,34.95,33.55,33.7,33.75,378123.0,128.61
2005-05-09,35.4,35.85,35.0,35.3,35.3,419702.0,148.97
2005-05-06,34.35,35.25,34.25,35.05,34.9,445212.0,154.95
2005-05-05,33.9,34.3,33.5,34.1,34.15,160323.0,54.62
2005-05-04,33.2,33.7,32.6,33.7,33.55,144195.0,48.26
2005-05-03,33.4,33.4,33.0,33.05,33.15,84013.0,27.84
2005-05-02,33.25,33.7,32.75,32.9,33.0,111162.0,36.89
2005-04-29,33.5,33.55,32.8,33.15,33.0,112428.0,37.26
2005-04-28,34.0,34.0,33.2,33.45,33.4,108437.0,36.3
2005-04-27,34.0,34.05,33.65,33.8,33.75,77992.0,26.36
2005-04-26,34.05,34.55,33.9,34.05,34.0,134114.0,45.83
2005-04-25,34.1,34.7,33.95,34.3,34.3,207133.0,71.05
2005-04-22,34.5,34.5,33.95,34.1,34.25,205076.0,70.09
2005-04-21,33.5,34.3,33.0,34.05,33.95,318746.0,107.67
2005-04-20,33.5,34.0,32.75,33.4,33.25,271253.0,90.38
2005-04-19,34.25,34.6,33.4,33.6,33.65,177818.0,60.59
2005-04-18,34.1,34.2,33.6,33.9,33.8,201008.0,68.04
2005-04-15,35.2,35.2,34.3,34.45,34.4,189667.0,65.69
2005-04-13,35.7,36.2,35.35,35.45,35.5,202338.0,72.1
2005-04-12,34.65,35.85,34.65,35.4,35.4,183162.0,64.94
2005-04-11,35.85,36.0,35.05,35.3,35.25,169846.0,60.12
2005-04-08,36.6,36.6,35.4,36.2,35.85,182457.0,65.46
2005-04-07,36.9,36.95,35.9,36.15,36.1,453858.0,165.49
2005-04-06,35.0,36.65,35.0,36.6,36.35,585851.0,210.69
2005-04-05,35.8,35.85,34.7,35.25,35.0,207403.0,72.9
2005-04-04,35.65,36.15,35.1,35.2,35.3,177740.0,63.02
2005-04-01,34.3,35.85,34.3,35.6,35.65,369081.0,130.42
2005-03-31,34.45,35.2,33.95,34.5,34.55,402106.0,138.95
2005-03-30,33.2,34.4,33.2,34.2,34.0,236739.0,79.92
2005-03-29,34.5,34.6,33.1,33.4,33.3,334417.0,113.1
2005-03-28,34.0,35.15,34.0,34.75,34.65,371744.0,128.71
2005-03-24,34.8,35.0,33.8,34.45,34.15,429867.0,147.68
2005-03-23,35.5,35.95,34.05,34.85,34.4,551988.0,193.35
2005-03-22,37.25,37.25,35.1,35.8,35.4,525803.0,190.3
2005-03-21,36.75,38.5,36.6,36.85,37.05,1350359.0,507.17
2005-03-18,38.0,38.45,36.05,36.2,36.25,974225.0,357.17
2005-03-17,34.15,40.3,34.15,37.65,37.65,3796190.0,1458.04
2005-03-16,35.25,36.5,35.15,35.75,35.75,414469.0,148.92
2005-03-15,36.2,36.7,35.0,35.5,35.25,240894.0,85.45
2005-03-14,36.2,36.7,35.25,35.4,35.4,360636.0,130.07
2005-03-11,36.85,36.9,36.0,36.05,36.05,319155.0,115.94
2005-03-10,36.45,37.55,35.95,36.4,36.35,482189.0,176.62
2005-03-09,37.3,37.55,36.0,36.5,36.45,284676.0,104.1
2005-03-08,37.05,37.45,36.75,37.45,37.15,399541.0,148.19
2005-03-07,37.5,38.45,36.55,36.75,36.7,446514.0,166.68
2005-03-04,37.55,38.65,37.05,37.4,37.3,395824.0,148.48
2005-03-03,38.35,38.35,37.6,37.9,37.9,385015.0,146.01
2005-03-02,38.4,38.4,37.6,37.85,37.85,358920.0,136.25
2005-03-01,38.5,38.8,37.55,37.75,37.7,394263.0,150.2
2005-02-28,39.45,40.7,38.0,38.1,38.2,1466884.0,580.98
2005-02-25,39.95,40.2,39.0,39.25,39.15,508248.0,201.04
2005-02-24,39.65,40.1,39.2,39.65,39.6,495599.0,196.53
2005-02-23,39.25,40.2,38.8,39.1,39.2,570229.0,225.59
2005-02-22,39.25,39.5,38.5,39.2,39.0,358231.0,139.88
2005-02-21,39.5,40.6,38.8,38.95,39.0,591560.0,234.36
2005-02-18,41.0,41.0,39.2,39.5,39.5,890771.0,357.26
2005-02-17,38.6,41.1,37.6,40.45,40.3,1583185.0,634.22
2005-02-16,39.0,39.45,38.2,38.25,38.5,381664.0,148.58
2005-02-15,39.6,39.9,38.5,38.7,38.75,340789.0,132.49
2005-02-14,40.85,40.85,39.6,39.6,39.75,515576.0,207.04
2005-02-11,39.95,40.7,39.75,40.1,40.25,640855.0,257.52
2005-02-10,40.6,40.85,39.35,39.4,39.5,520528.0,208.39
2005-02-09,41.45,41.45,40.1,40.1,40.3,856408.0,348.99
2005-02-08,40.8,41.7,40.55,40.85,40.85,1360049.0,559.01
2005-02-07,40.95,42.1,40.6,40.75,40.8,1388675.0,572.75
2005-02-04,42.5,42.5,39.65,40.4,40.55,1491096.0,607.33
2005-02-03,40.2,41.3,39.85,41.1,41.05,1765638.0,719.49
2005-02-02,39.2,40.9,39.15,39.8,39.65,1671295.0,668.53
2005-02-01,38.65,39.75,37.5,39.15,39.1,1608911.0,626.96
2005-01-31,38.5,38.5,37.6,38.35,38.15,753134.0,287.17
2005-01-28,38.5,38.5,36.3,37.45,37.3,639574.0,236.9
2005-01-27,35.6,36.75,35.1,36.7,36.5,552048.0,200.12
2005-01-25,36.2,36.7,34.4,35.05,34.95,1067271.0,375.58
2005-01-24,37.7,37.8,35.85,36.2,36.2,427729.0,156.7
2005-01-20,38.0,38.5,37.35,37.35,37.7,536550.0,203.8
2005-01-19,38.45,38.95,37.5,37.75,37.8,484429.0,185.01
2005-01-18,38.5,39.0,37.75,38.0,38.05,363797.0,139.92
2005-01-17,39.2,39.4,37.25,38.35,38.25,471417.0,178.95
2005-01-14,39.7,39.7,38.2,38.8,38.6,562756.0,218.52
2005-01-13,37.55,39.7,37.55,39.5,39.0,739802.0,284.27
2005-01-12,40.0,40.3,36.6,37.05,37.0,1031867.0,395.6
2005-01-11,41.5,41.6,39.05,39.45,39.3,880917.0,354.66
2005-01-10,40.3,42.8,40.1,40.8,40.9,1829771.0,760.11
2005-01-07,38.0,40.4,38.0,40.4,39.9,1156202.0,460.03
2005-01-06,39.0,40.35,37.6,38.8,38.7,1233105.0,480.08
2005-01-05,43.4,43.45,37.1,39.5,39.5,2406316.0,986.19
2005-01-04,40.55,44.15,40.55,43.15,43.0,4530924.0,1936.56
2005-01-03,40.4,41.4,40.1,40.8,40.55,963393.0,391.65
2004-12-31,39.15,40.95,39.0,40.1,40.05,1031752.0,412.94
2004-12-30,40.2,40.4,38.75,39.0,39.0,772630.0,305.63
2004-12-29,41.7,42.4,39.55,39.95,39.95,1725585.0,704.65
2004-12-28,39.0,41.7,39.0,41.2,41.25,2818868.0,1145.48
2004-12-27,34.9,40.0,34.9,38.85,38.95,845199.0,332.68
2004-12-24,39.0,40.4,38.25,39.7,39.75,1551153.0,611.22
2004-12-23,38.5,39.1,38.0,38.5,38.45,678572.0,261.24
2004-12-22,40.5,40.5,38.0,38.5,38.3,1156530.0,451.15
2004-12-21,37.7,40.65,37.7,39.4,39.5,4160055.0,1647.37
2004-12-20,36.7,37.6,36.5,37.4,37.35,574364.0,212.82
2004-12-17,37.5,37.9,36.5,36.75,36.75,652881.0,242.46
2004-12-16,37.9,38.0,36.45,37.55,37.55,990355.0,369.76
2004-12-15,37.55,38.7,37.1,37.7,37.45,2759470.0,1048.37
2004-12-14,35.4,37.4,35.4,37.25,37.0,2397193.0,875.02
2004-12-13,34.45,35.25,34.15,35.2,35.0,534456.0,185.41
2004-12-10,34.9,35.25,34.1,34.2,34.15,486080.0,168.56
2004-12-09,34.9,35.45,34.5,34.5,34.65,518318.0,180.93
2004-12-08,35.45,35.9,34.65,34.85,34.75,604360.0,212.33
2004-12-07,35.8,35.8,34.5,34.9,34.7,288628.0,100.67
2004-12-06,34.5,36.45,34.4,35.3,35.4,696486.0,247.35
2004-12-03,35.75,35.75,34.2,34.45,34.35,402161.0,139.31
2004-12-02,34.5,35.8,34.2,35.35,35.05,422554.0,147.99
2004-12-01,34.9,34.9,33.8,34.4,34.25,265279.0,90.8
2004-11-30,35.45,35.9,34.25,34.6,34.55,489062.0,171.57
2004-11-29,35.35,35.7,35.0,35.15,35.1,377146.0,133.08
2004-11-25,35.35,36.0,34.95,34.95,35.1,471079.0,167.19
2004-11-24,36.35,36.7,35.05,35.4,35.35,661516.0,237.13
2004-11-23,36.25,37.35,35.75,36.2,36.1,1892103.0,691.78
2004-11-22,34.25,35.9,33.6,35.8,35.6,1808345.0,636.71
2004-11-19,34.0,35.35,33.5,33.8,33.9,1334068.0,458.56
2004-11-18,33.5,34.4,33.15,33.65,33.75,976506.0,328.59
2004-11-17,33.0,33.5,32.8,33.15,33.15,891990.0,295.87
2004-11-16,31.95,32.65,31.35,32.5,32.45,513032.0,164.29
2004-11-12,31.9,31.9,31.35,31.65,31.7,119686.0,37.9
2004-11-11,31.4,32.25,31.1,31.25,31.25,813508.0,257.21
2004-11-10,31.3,32.45,31.3,31.75,31.75,322650.0,103.03
2004-11-09,31.5,31.75,31.3,31.3,31.35,197277.0,61.98
2004-11-08,31.9,32.1,31.25,31.3,31.45,326938.0,103.71
2004-11-05,31.7,32.1,31.35,31.4,31.55,237955.0,75.17
2004-11-04,32.2,32.45,31.8,31.8,31.9,226140.0,72.34
2004-11-03,31.2,32.5,31.2,32.0,31.95,329480.0,105.84
2004-11-02,33.0,33.0,31.4,31.65,31.7,388773.0,123.52
2004-11-01,32.6,32.95,32.1,32.35,32.2,256571.0,83.28
2004-10-29,32.5,33.5,32.05,32.25,32.4,672422.0,219.71
2004-10-28,31.8,32.0,30.35,31.6,31.5,570245.0,179.35
2004-10-27,32.5,33.3,32.25,32.3,32.6,317854.0,104.3
2004-10-26,31.6,32.8,31.5,32.45,32.4,260124.0,83.65
2004-10-25,33.0,33.0,31.3,31.85,31.8,294314.0,94.29
2004-10-21,33.5,33.7,32.8,32.85,32.95,213474.0,70.58
2004-10-20,34.4,34.4,33.2,33.3,33.4,287831.0,96.97
2004-10-19,35.0,35.0,33.75,34.0,33.9,217134.0,73.93
2004-10-18,34.9,35.1,34.05,34.15,34.15,243657.0,84.07
2004-10-15,35.25,35.35,34.5,34.7,34.8,353965.0,124.1
2004-10-14,36.1,36.4,34.8,35.05,35.05,457741.0,161.94
2004-10-12,36.0,36.7,35.25,35.75,35.75,964397.0,346.85
2004-10-11,36.15,37.5,35.6,35.7,35.75,630125.0,229.93
2004-10-09,36.0,36.2,35.8,36.2,36.0,168418.0,60.58
2004-10-08,36.25,36.4,35.4,35.65,35.75,421731.0,151.58
2004-10-07,36.05,36.55,35.85,35.85,35.95,608843.0,220.05
2004-10-06,36.0,37.45,35.7,36.15,36.0,1242568.0,455.38
2004-10-05,36.3,36.3,35.55,35.95,35.9,334589.0,120.1
2004-10-04,36.25,36.5,35.85,36.0,36.0,440059.0,159.09
2004-10-01,35.75,36.35,35.2,35.9,35.95,379935.0,135.98
2004-09-30,36.5,36.6,35.35,35.95,35.9,450630.0,162.74
2004-09-29,36.5,37.25,35.45,35.9,35.95,626808.0,226.0
2004-09-28,36.0,36.85,35.2,35.4,35.45,540408.0,193.23
2004-09-27,37.0,37.0,35.8,36.2,36.0,731276.0,266.07
2004-09-24,36.0,37.3,35.7,36.45,36.5,2376725.0,870.98
2004-09-23,35.0,36.75,34.75,35.8,35.65,1889392.0,679.4
2004-09-22,35.35,35.45,34.5,34.85,34.85,866689.0,303.04
2004-09-21,34.15,35.3,34.15,35.2,35.05,1351283.0,472.05
2004-09-20,34.9,34.95,33.95,34.0,34.05,511955.0,175.84
2004-09-17,35.0,35.4,34.4,34.4,34.55,2056938.0,718.15
2004-09-16,34.0,34.8,32.5,34.3,34.3,1855805.0,633.19
2004-09-15,33.5,33.5,32.5,32.75,32.6,272692.0,89.44
2004-09-14,33.6,33.85,33.0,33.1,33.15,290388.0,96.54
2004-09-13,34.0,34.5,33.5,33.75,33.6,491117.0,166.51
2004-09-10,33.65,33.9,33.3,33.5,33.55,437608.0,146.99
2004-09-09,33.7,34.7,33.25,33.4,33.45,1327734.0,450.51
2004-09-08,33.5,33.85,33.1,33.4,33.55,484934.0,162.35
2004-09-07,33.7,33.9,33.2,33.25,33.35,300323.0,100.56
2004-09-06,33.75,34.0,33.25,33.7,33.6,521189.0,175.47
2004-09-03,33.65,33.8,32.75,33.5,33.4,514410.0,171.25
2004-09-02,34.0,34.7,33.25,33.3,33.5,1534948.0,523.74
2004-09-01,33.0,35.9,32.6,33.6,33.65,1461368.0,494.97
2004-08-31,33.0,33.0,32.2,32.55,32.45,555413.0,180.78
2004-08-30,32.0,32.9,30.7,32.9,32.65,740025.0,240.16
2004-08-27,31.0,32.4,25.15,31.65,31.65,620914.0,196.89
2004-08-26,31.0,31.35,30.75,31.2,30.95,298539.0,92.69
2004-08-25,31.45,31.5,30.55,30.8,30.7,191075.0,59.09
2004-08-24,32.4,32.4,30.0,30.8,30.75,193048.0,59.42
2004-08-23,31.5,31.7,30.5,30.6,30.6,215672.0,66.58
2004-08-20,32.4,32.4,31.05,31.1,31.15,267468.0,84.15
2004-08-19,32.2,32.85,31.65,32.05,32.0,545227.0,175.82
2004-08-18,31.75,32.9,31.05,31.6,31.65,572874.0,184.08
2004-08-17,33.9,33.9,31.0,31.35,31.3,215257.0,67.72
2004-08-16,32.6,32.6,30.55,31.1,30.95,224045.0,69.29
2004-08-13,31.9,31.9,31.0,31.25,31.4,286271.0,89.86
2004-08-12,33.2,33.2,31.0,31.1,31.1,427372.0,134.82
2004-08-11,33.5,33.5,31.4,31.75,31.6,503236.0,161.97
2004-08-10,33.8,34.0,32.4,32.45,32.8,515377.0,171.47
2004-08-09,33.6,34.4,33.1,33.65,33.65,1033866.0,349.93
2004-08-06,32.6,33.75,32.5,33.6,33.6,1441629.0,479.67
2004-08-05,32.4,32.8,32.35,32.5,32.45,313886.0,102.31
2004-08-04,32.6,33.1,32.15,32.4,32.35,548666.0,178.22
2004-08-03,32.7,33.4,32.0,32.55,32.4,694647.0,226.45
2004-08-02,32.65,33.45,32.25,32.7,32.55,605746.0,197.78
2004-07-30,33.25,33.75,32.05,32.3,32.25,1671954.0,550.94
2004-07-29,29.95,33.25,29.0,32.95,32.95,1857278.0,596.71
2004-07-28,30.8,30.8,29.6,30.0,29.8,176617.0,52.68
2004-07-27,31.0,31.2,30.0,30.0,30.15,227230.0,69.16
2004-07-26,30.55,31.0,30.25,30.9,30.7,303087.0,93.15
2004-07-23,32.1,32.1,30.4,30.65,30.6,275607.0,84.61
2004-07-22,31.1,31.8,30.6,31.0,30.95,311949.0,97.3
2004-07-21,30.5,32.1,29.8,31.1,30.9,542714.0,168.38
2004-07-20,31.95,31.95,31.0,31.6,31.45,300086.0,94.33
2004-07-19,32.5,33.6,32.5,33.0,32.85,603667.0,199.48
2004-07-16,31.8,32.9,31.5,32.2,32.45,594478.0,192.26
2004-07-15,30.5,31.9,30.4,31.7,31.55,423038.0,131.59
2004-07-14,31.5,31.6,30.0,30.5,30.35,263283.0,80.2
2004-07-13,31.7,31.85,30.4,30.75,30.7,283708.0,87.81
2004-07-12,31.6,32.2,31.0,31.1,31.2,354666.0,111.2
2004-07-09,29.0,31.25,29.0,31.05,31.05,754438.0,230.06
2004-07-08,32.45,34.9,29.15,29.8,30.3,2916457.0,965.21
2004-07-07,32.0,32.55,31.55,32.1,32.05,893119.0,287.14
2004-07-06,31.55,31.95,31.45,31.75,31.65,505194.0,159.94
2004-07-05,31.4,32.2,31.0,31.25,31.35,1012821.0,319.54
2004-07-02,29.05,31.1,26.15,31.1,30.75,1106490.0,336.27
2004-07-01,29.4,29.85,28.9,29.85,29.55,371360.0,109.11
2004-06-30,28.9,30.6,28.5,29.1,29.05,849021.0,250.59
2004-06-29,29.4,29.4,28.25,28.5,28.5,544996.0,156.63
2004-06-28,27.2,28.9,26.75,28.8,28.55,499838.0,139.47
2004-06-25,25.9,27.5,25.15,26.45,26.45,435238.0,115.54
2004-06-24,26.1,26.3,24.75,25.5,25.4,318130.0,81.24
2004-06-23,27.0,27.25,25.7,25.75,25.95,234440.0,61.68
2004-06-22,28.0,28.25,26.7,26.75,26.85,324595.0,89.07
2004-06-21,29.5,29.75,27.6,27.95,27.75,273025.0,77.99
2004-06-18,29.75,29.95,28.9,29.2,29.1,163201.0,48.02
2004-06-17,29.65,29.75,28.9,29.55,29.4,222964.0,65.15
2004-06-16,30.7,30.7,29.5,29.6,29.65,219317.0,65.42
2004-06-15,28.75,30.0,28.75,29.9,29.7,309124.0,90.86
2004-06-14,30.25,30.25,28.55,28.9,28.75,237265.0,68.74
2004-06-11,31.2,31.2,29.85,29.95,30.0,389014.0,118.35
2004-06-10,30.0,31.9,29.5,31.05,31.05,827047.0,256.79
2004-06-09,30.5,30.5,29.75,30.0,29.9,289795.0,87.09
2004-06-08,30.4,30.4,29.5,30.2,29.95,249866.0,74.48
2004-06-07,30.0,30.5,29.4,29.7,29.6,302286.0,90.26
2004-06-04,27.0,29.85,27.0,29.0,28.9,425478.0,122.68
2004-06-03,31.85,32.7,29.1,29.1,29.45,455267.0,138.15
2004-06-02,31.15,31.65,30.1,30.55,30.5,297515.0,90.9
2004-06-01,30.0,31.5,30.0,30.3,30.25,453458.0,138.41
2004-05-31,31.0,31.0,27.1,29.75,29.6,825281.0,243.76
2004-05-28,33.75,34.9,32.15,32.3,32.4,1018600.0,338.33
2004-05-27,36.5,36.5,34.5,34.85,35.05,766688.0,271.29
2004-05-26,36.0,37.8,35.95,36.4,36.25,1223560.0,450.07
2004-05-25,35.95,37.45,34.1,35.55,35.7,2390335.0,861.59
2004-05-24,35.1,36.25,34.5,35.0,34.95,1232841.0,436.59
2004-05-21,35.7,35.7,33.05,33.8,34.0,1845828.0,629.03
2004-05-20,35.25,35.7,32.0,35.2,34.4,2955592.0,1002.7
2004-05-19,29.6,33.0,28.6,32.85,32.5,1874112.0,573.37
2004-05-18,20.15,27.9,20.15,27.4,27.5,1532040.0,398.53
2004-05-17,29.0,29.9,24.05,24.05,24.05,1208111.0,296.64
2004-05-14,40.0,40.0,30.0,30.0,30.05,2198767.0,714.1
2004-05-13,40.0,42.8,36.25,37.65,37.45,2309887.0,920.2
2004-05-12,43.0,45.5,42.25,44.0,44.05,846000.0,371.58
2004-05-11,45.5,46.9,43.75,44.05,44.2,578528.0,263.22
2004-05-10,48.8,48.8,45.3,48.4,48.4,549186.0,263.83
2004-05-07,50.5,51.0,48.5,48.7,48.85,812249.0,400.6
2004-05-06,49.1,51.7,49.1,51.0,50.85,1852392.0,938.98
2004-05-05,47.2,49.1,47.0,49.0,48.6,1075280.0,518.63
2004-05-04,45.5,47.4,45.35,46.8,46.95,774271.0,359.42
2004-05-03,46.0,46.5,43.6,43.75,44.0,600701.0,266.54
2004-04-30,46.75,47.95,45.9,46.35,46.3,928134.0,437.03
2004-04-29,47.1,49.25,45.0,46.15,46.25,1185297.0,558.99
2004-04-28,46.05,47.8,41.15,46.8,47.1,1023494.0,478.26
2004-04-27,49.95,49.95,45.0,46.25,46.45,1092594.0,518.63
2004-04-23,51.9,53.0,51.1,51.5,51.5,751146.0,389.98
2004-04-22,52.9,54.0,51.05,51.25,51.35,877396.0,459.03
2004-04-21,49.35,52.7,48.8,52.2,52.3,1451469.0,751.47
2004-04-20,50.4,50.4,48.0,48.95,49.4,801107.0,394.42
2004-04-19,52.4,54.3,49.5,50.2,50.2,2453153.0,1266.55
2004-04-17,48.9,51.9,47.55,51.6,51.5,1433676.0,722.78
2004-04-16,47.85,49.4,47.5,48.7,48.4,1244875.0,604.14
2004-04-15,44.5,48.0,44.5,47.5,47.25,1258094.0,591.07
2004-04-13,45.75,45.75,44.2,44.7,44.55,541131.0,242.06
2004-04-12,45.25,46.9,45.0,45.1,45.2,716380.0,328.89
2004-04-08,45.7,45.7,44.3,44.8,44.85,329936.0,148.12
2004-04-07,45.15,46.5,44.75,45.15,45.3,494546.0,224.25
2004-04-06,46.4,47.25,44.25,45.45,45.3,780191.0,353.73
2004-04-05,44.4,47.75,44.35,46.55,46.15,1149095.0,529.78
2004-04-02,45.5,45.5,43.5,43.85,44.0,580018.0,257.06
2004-04-01,44.1,45.55,43.75,45.05,45.05,919939.0,411.15
2004-03-31,42.0,44.45,40.9,44.1,43.85,921655.0,396.67
2004-03-30,41.0,43.45,40.55,41.65,41.65,794271.0,334.93
2004-03-29,40.4,41.4,39.7,41.4,41.0,480917.0,195.67
2004-03-26,39.35,40.8,38.7,40.0,40.1,781276.0,312.41
2004-03-25,36.95,38.9,36.85,38.8,38.4,494022.0,188.03
2004-03-24,38.0,38.3,36.35,36.55,36.65,477084.0,175.49
2004-03-23,39.0,39.45,36.6,37.7,37.8,506999.0,191.69
2004-03-22,41.65,41.65,38.95,39.2,39.15,504467.0,203.0
2004-03-19,41.8,42.2,41.05,41.15,41.5,303520.0,126.56
2004-03-18,37.9,44.0,37.9,41.75,41.6,383906.0,163.06
2004-03-17,42.3,44.5,41.3,43.15,43.45,608231.0,259.63
2004-03-16,41.0,42.4,40.45,42.05,41.8,636531.0,263.62
2004-03-15,44.8,45.35,40.85,41.05,41.7,661191.0,286.0
2004-03-12,43.8,44.75,43.4,44.2,44.3,432868.0,190.69
2004-03-11,45.0,45.45,44.0,44.05,44.25,517950.0,232.21
2004-03-10,47.1,47.1,44.9,45.05,45.35,787110.0,362.69
2004-03-09,48.45,48.9,45.7,46.85,47.3,857811.0,400.6
2004-03-08,48.5,49.2,47.35,47.85,47.95,1135957.0,547.91
2004-03-05,44.1,48.3,43.45,47.8,47.4,1438873.0,662.11
2004-03-04,46.0,46.0,43.65,43.95,43.95,400210.0,178.27
2004-03-03,46.4,46.45,45.15,45.6,45.55,512344.0,233.72
2004-03-01,44.5,46.3,44.2,46.15,45.8,575116.0,260.22
2004-02-27,44.1,44.95,42.55,44.0,44.1,726983.0,318.43
2004-02-26,42.15,46.6,42.15,44.6,44.25,653814.0,295.89
2004-02-25,46.6,46.7,43.85,44.0,44.35,523167.0,238.4
2004-02-24,46.5,47.15,45.7,46.25,46.55,611627.0,283.73
2004-02-23,48.8,49.0,46.3,46.3,46.8,640714.0,305.64
2004-02-20,47.65,49.4,47.1,49.05,48.5,1026331.0,493.61
2004-02-19,53.0,53.0,48.25,48.35,48.85,1160452.0,583.68
2004-02-18,51.15,53.9,50.5,52.55,52.25,1912876.0,1006.74
2004-02-17,51.5,52.2,50.2,50.65,50.65,578243.0,293.78
2004-02-16,52.4,52.9,51.4,51.7,51.75,833458.0,435.51
2004-02-13,53.0,53.4,51.4,52.05,52.25,951108.0,496.29
2004-02-12,52.75,54.6,52.0,52.7,53.05,2647290.0,1413.17
2004-02-11,51.0,52.85,50.2,52.5,52.1,2572235.0,1322.68
2004-02-10,50.15,50.5,47.85,50.5,49.4,1156544.0,566.8
2004-02-09,47.45,50.8,46.5,50.0,49.6,1529312.0,752.18
2004-02-06,47.55,47.75,46.3,47.1,47.15,631410.0,296.46
2004-02-05,49.5,49.6,46.5,47.8,47.25,1058654.0,510.71
2004-02-04,46.9,49.0,42.1,48.55,48.35,1516281.0,708.36
2004-02-03,52.75,52.85,45.6,46.65,46.4,1511871.0,739.03
2004-01-30,55.0,55.35,51.25,51.5,51.85,1904701.0,1020.03
2004-01-29,53.4,54.3,52.1,54.25,53.55,2214669.0,1178.66
2004-01-28,52.05,56.0,51.4,52.7,52.3,3884067.0,2081.8
2004-01-27,48.0,50.45,46.65,49.75,49.7,1691138.0,824.9
2004-01-23,41.0,46.85,41.0,46.25,45.55,1361976.0,586.82
2004-01-22,43.85,45.65,40.05,40.8,40.7,1458080.0,617.68
2004-01-21,49.3,49.7,42.15,43.5,43.15,1142416.0,527.32
2004-01-20,49.0,51.65,48.1,48.95,48.8,1412788.0,701.69
2004-01-19,48.45,49.8,46.4,48.0,47.6,995854.0,473.64
2004-01-16,50.9,51.7,47.8,48.8,48.55,1170382.0,582.28
2004-01-15,53.3,53.9,50.0,50.5,50.85,1584582.0,830.21
2004-01-14,48.7,57.6,48.5,52.6,52.85,5152275.0,2750.88
2004-01-13,49.65,50.8,47.75,47.75,48.15,1816256.0,886.07
2004-01-12,46.3,53.4,45.35,50.0,49.95,5434677.0,2725.45
2004-01-09,61.0,61.75,56.1,56.55,56.6,1806834.0,1053.02
2004-01-08,57.8,60.7,57.3,59.8,59.25,4164245.0,2463.87
2004-01-07,57.1,61.6,54.25,56.5,56.55,5728919.0,3284.42
2004-01-06,59.9,65.75,56.55,57.8,57.95,11653405.0,7257.05
2004-01-05,51.05,56.25,50.05,56.25,56.25,4191532.0,2319.09
2004-01-02,41.85,47.7,39.5,47.5,46.85,9525966.0,4260.08
2004-01-01,38.25,40.25,38.2,39.9,39.9,1334844.0,526.71
2003-12-31,38.45,38.8,37.5,38.25,38.05,704293.0,269.61
2003-12-30,40.25,40.95,37.7,38.25,38.2,1332479.0,520.13
2003-12-29,39.0,40.75,38.5,40.1,40.1,2202289.0,881.78
2003-12-26,38.9,39.45,38.3,38.7,38.55,705741.0,273.76
2003-12-24,38.9,38.9,36.85,38.45,38.5,749693.0,288.63
2003-12-23,39.5,40.25,38.05,38.3,38.3,2529476.0,992.76
2003-12-22,38.45,39.7,37.75,39.2,38.75,3055219.0,1187.61
2003-12-19,36.25,38.45,35.6,37.85,37.9,3140400.0,1174.86
2003-12-18,35.9,36.5,35.45,35.55,35.6,1026075.0,368.92
2003-12-17,36.1,36.3,35.3,35.5,35.5,458426.0,163.75
2003-12-16,36.9,36.95,35.5,36.0,36.0,513944.0,185.79
2003-12-15,37.0,37.5,36.5,36.95,36.8,1019678.0,376.43
2003-12-12,37.0,37.35,35.7,36.5,36.4,826967.0,300.78
2003-12-11,36.95,37.55,35.65,36.55,36.5,1149665.0,421.63
2003-12-10,37.0,37.8,36.0,36.4,36.25,1086220.0,397.45
2003-12-09,40.0,40.0,37.05,37.25,37.3,1145595.0,429.41
2003-12-08,35.9,37.45,35.45,37.45,37.0,1582985.0,577.19
2003-12-05,37.45,38.3,35.2,35.6,35.65,3726445.0,1385.12
2003-12-04,34.1,37.0,34.0,36.85,36.6,3856001.0,1381.27
2003-12-03,34.75,34.8,33.5,33.8,33.85,1330057.0,455.78
2003-12-02,33.3,34.8,32.0,34.05,34.25,3289725.0,1114.18
2003-12-01,32.25,32.9,31.65,32.55,32.5,1454829.0,470.96
2003-11-28,31.8,32.75,30.4,31.2,31.35,2010941.0,632.6
2003-11-27,30.5,31.5,30.4,31.35,31.3,592127.0,184.13
2003-11-25,32.0,32.4,29.4,30.1,30.0,956031.0,291.36
2003-11-24,30.2,31.5,29.8,31.5,31.15,508680.0,155.69
2003-11-21,29.35,30.2,28.05,29.7,29.65,557039.0,163.57
2003-11-20,31.3,31.55,29.2,29.25,29.5,831089.0,250.91
2003-11-19,32.5,32.5,30.2,30.35,30.55,787524.0,243.72
2003-11-18,33.1,33.4,32.05,32.2,32.35,483233.0,158.02
2003-11-17,32.9,33.6,32.3,32.6,32.8,842241.0,278.03
2003-11-15,31.5,32.75,31.45,32.75,32.35,221728.0,71.16
2003-11-14,33.4,33.4,31.25,31.7,31.75,613288.0,197.78
2003-11-13,36.25,36.25,33.0,33.05,33.3,1151408.0,395.98
2003-11-12,34.2,36.5,34.2,35.25,35.1,3015746.0,1070.88
2003-11-11,34.05,34.8,33.6,34.2,33.9,1523970.0,521.53
2003-11-10,32.55,35.5,31.9,33.8,33.65,991666.0,335.25
2003-11-07,31.8,33.7,31.8,32.55,32.55,2269736.0,744.46
2003-11-06,31.4,32.6,31.0,31.55,31.55,937230.0,298.35
2003-11-05,31.0,31.7,30.5,30.9,30.8,622600.0,193.26
2003-11-04,32.0,32.0,30.55,30.8,30.9,618348.0,193.21
2003-11-03,32.85,33.75,31.25,31.5,31.55,1608225.0,519.08
2003-10-31,28.1,32.4,28.1,32.05,32.15,2751315.0,858.59
2003-10-30,27.7,28.1,27.15,27.85,27.8,234913.0,65.19
2003-10-29,28.0,28.0,27.35,27.5,27.6,152374.0,42.12
2003-10-28,28.4,28.4,27.0,27.65,27.7,216743.0,60.09
2003-10-27,29.4,29.4,28.0,28.2,28.15,256471.0,73.26
2003-10-25,30.0,30.0,28.1,29.25,29.05,129059.0,37.3
2003-10-24,28.3,28.8,27.6,28.8,28.5,233114.0,65.69
2003-10-23,27.6,28.65,27.55,27.8,27.95,326786.0,91.82
2003-10-22,28.85,29.3,27.5,28.0,27.8,382057.0,107.59
2003-10-21,29.9,29.9,28.2,28.4,28.45,454698.0,131.85
2003-10-20,30.6,30.75,29.25,29.7,29.5,425086.0,126.8
2003-10-17,30.35,30.95,30.25,30.6,30.5,729330.0,223.06
2003-10-16,31.75,31.9,29.5,30.0,30.15,1265608.0,382.0
2003-10-15,30.95,31.85,30.0,31.1,31.2,583501.0,181.16
2003-10-14,32.2,33.5,30.4,30.75,30.65,1329374.0,419.08
2003-10-13,32.6,33.25,32.45,32.6,32.7,576737.0,189.32
2003-10-10,34.5,34.5,32.2,32.55,32.4,1095544.0,363.33
2003-10-09,30.2,34.5,30.2,33.75,34.2,3562167.0,1181.07
2003-10-08,31.1,31.35,30.1,30.75,30.65,549591.0,169.26
2003-10-07,31.0,31.65,30.1,30.95,30.85,979857.0,304.09
2003-10-06,32.0,32.0,30.6,30.8,30.9,841808.0,260.76
2003-10-03,30.4,31.0,29.85,30.9,30.65,1182184.0,361.12
2003-10-01,29.1,30.65,28.9,30.0,29.75,831263.0,247.92
2003-09-30,30.55,30.55,28.4,28.7,28.95,952943.0,281.08
2003-09-29,30.0,32.25,29.4,30.0,29.8,1508934.0,461.1
2003-09-26,29.85,30.15,29.15,29.75,29.5,387245.0,115.07
2003-09-25,31.7,31.7,29.05,29.65,29.5,1407640.0,430.22
2003-09-24,26.05,30.55,25.45,30.55,30.55,1158151.0,328.72
2003-09-23,25.5,25.85,24.5,25.8,25.45,331080.0,83.34
2003-09-22,26.65,27.0,25.45,25.8,25.65,323482.0,84.64
2003-09-19,27.65,27.95,25.25,26.35,26.15,759104.0,199.64
2003-09-18,29.75,29.75,27.0,27.15,27.15,716386.0,201.84
2003-09-17,29.9,31.85,29.1,29.35,29.45,694069.0,207.52
2003-09-16,31.1,32.2,27.45,30.4,30.3,1809094.0,535.87
2003-09-15,34.0,34.2,30.25,30.5,30.55,1601170.0,505.86
2003-09-12,36.45,36.9,35.4,35.6,35.6,599157.0,216.08
2003-09-11,36.25,37.2,35.1,35.85,35.9,900379.0,325.69
2003-09-10,36.75,37.0,35.0,35.8,35.75,1101515.0,397.52
2003-09-09,37.9,38.3,36.45,36.75,36.65,920093.0,340.64
2003-09-08,38.3,38.4,37.55,38.0,38.0,1075185.0,407.62
2003-09-05,39.0,40.4,37.35,38.0,38.0,2235786.0,859.49
2003-09-04,40.0,40.8,37.1,38.85,38.4,2728470.0,1072.92
2003-09-03,38.3,43.3,38.3,39.75,39.5,8437690.0,3488.39
2003-09-02,38.25,38.4,37.0,37.6,37.6,859786.0,324.39
2003-09-01,37.1,38.0,36.5,37.6,37.7,905685.0,340.4
2003-08-29,37.3,38.5,36.0,36.65,36.4,946148.0,353.61
2003-08-28,37.1,38.25,36.5,36.9,36.85,656927.0,245.24
2003-08-27,38.0,38.75,36.55,36.9,36.85,721760.0,270.47
2003-08-26,35.5,37.2,35.25,37.1,37.0,870214.0,317.22
2003-08-25,39.2,40.35,33.9,35.3,35.4,3046474.0,1147.4
2003-08-22,39.0,39.9,37.55,39.2,38.75,2040599.0,792.37
2003-08-21,37.6,38.9,31.2,38.85,38.5,1511790.0,574.81
2003-08-20,37.7,37.8,36.25,37.25,36.75,575283.0,213.62
2003-08-19,39.6,40.3,36.65,37.0,36.9,1421092.0,545.31
2003-08-18,37.5,39.9,37.05,39.3,39.0,2268836.0,881.17
2003-08-14,38.8,38.8,37.0,37.5,37.4,1205736.0,454.88
2003-08-13,37.0,39.15,36.3,38.5,38.35,2987011.0,1139.06
2003-08-12,37.8,38.4,36.2,36.6,36.55,1256440.0,467.39
2003-08-11,36.4,37.7,35.5,37.2,37.05,2411180.0,888.86
2003-08-08,34.7,36.5,34.2,36.25,36.0,1971297.0,698.18
2003-08-07,32.5,34.75,32.15,34.35,34.35,966900.0,328.73
2003-08-06,32.7,33.45,32.5,32.9,32.8,413859.0,136.47
2003-08-05,35.0,35.45,32.75,33.05,32.9,871937.0,297.18
2003-08-04,34.25,35.5,33.05,34.9,34.9,1112346.0,383.77
2003-08-01,34.8,34.95,33.5,33.75,33.7,829765.0,281.69
2003-07-31,33.85,35.4,33.5,34.45,34.15,1714960.0,592.13
2003-07-30,32.1,33.45,31.9,33.4,33.1,761289.0,249.5
2003-07-29,33.3,33.4,31.95,32.0,32.2,789356.0,256.93
2003-07-28,34.1,34.3,32.85,33.25,33.1,551070.0,184.84
2003-07-25,33.75,34.6,33.25,33.9,33.9,756316.0,256.6
2003-07-24,33.7,33.75,32.8,33.7,33.6,563627.0,188.45
2003-07-23,32.5,33.5,32.5,33.35,33.25,575676.0,190.77
2003-07-22,32.1,33.85,32.1,32.4,32.4,1154853.0,379.23
2003-07-21,35.6,35.6,33.1,33.2,33.3,808128.0,275.63
2003-07-18,35.0,36.35,34.4,35.0,35.05,977450.0,345.17
2003-07-17,37.5,37.8,35.2,35.5,35.8,813552.0,299.88
2003-07-16,37.0,37.6,35.35,37.4,37.2,1663759.0,614.1
2003-07-15,39.7,39.75,37.4,38.6,38.4,1202015.0,461.45
2003-07-14,40.75,40.75,39.05,39.3,39.25,1007116.0,401.61
2003-07-11,42.0,43.9,39.8,40.0,40.2,2634653.0,1074.29
2003-07-10,39.4,40.85,38.25,40.5,40.05,2694464.0,1072.55
2003-07-09,40.45,40.8,38.7,38.95,39.05,1691906.0,666.26
2003-07-08,42.6,42.85,39.65,40.2,40.1,2115581.0,874.37
2003-07-07,42.3,42.8,41.3,42.0,41.95,3686300.0,1553.79
2003-07-04,40.25,41.9,39.5,41.4,41.3,5770550.0,2371.36
2003-07-03,38.7,40.9,38.5,39.75,39.75,6248203.0,2485.7
2003-07-02,37.25,38.0,35.4,38.0,36.9,3044838.0,1113.36
2003-07-01,38.9,38.9,36.6,36.8,36.8,2764530.0,1038.88
2003-06-30,38.55,40.0,38.15,38.65,38.5,5230517.0,2041.56
2003-06-27,35.5,37.65,34.55,37.4,37.1,4676021.0,1713.58
2003-06-26,36.85,36.85,35.05,35.1,35.3,1764762.0,630.57
2003-06-25,37.0,37.0,35.6,36.3,36.4,3908612.0,1419.99
2003-06-24,34.7,36.75,33.8,36.25,36.05,5171710.0,1851.5
2003-06-23,35.1,35.95,34.15,34.3,34.4,3670573.0,1288.17
2003-06-20,33.0,34.6,32.25,34.3,34.05,2394693.0,810.13
2003-06-19,33.95,34.0,32.6,32.85,32.95,1096035.0,363.6
2003-06-18,34.25,34.8,33.6,33.7,33.75,1296100.0,442.76
2003-06-17,34.8,34.95,33.6,34.0,33.95,1353333.0,462.67
2003-06-16,35.65,35.65,34.1,34.35,34.3,1710265.0,592.8
2003-06-13,35.3,35.85,34.0,34.85,34.95,5019343.0,1760.77
2003-06-12,34.6,35.9,33.8,34.8,34.65,6991309.0,2454.75
2003-06-11,33.3,34.4,32.85,33.3,33.4,3351516.0,1125.65
2003-06-10,32.75,35.8,32.0,32.75,32.9,8048290.0,2734.05
2003-06-09,33.0,33.5,31.5,31.85,31.95,1620986.0,522.6
2003-06-06,31.2,33.2,30.55,31.75,31.85,1929546.0,620.32
2003-06-05,32.4,32.45,30.35,30.8,30.55,775698.0,241.71
2003-06-04,32.0,32.5,31.65,31.75,31.85,1032097.0,331.08
2003-06-03,32.5,33.0,31.0,31.5,31.5,1063122.0,337.5
2003-06-02,34.0,34.35,30.6,31.8,32.3,1797754.0,585.38
2003-05-30,32.0,34.25,31.9,33.75,33.8,4790447.0,1597.2
2003-05-29,29.55,32.85,28.1,31.75,31.7,3849900.0,1218.76
2003-05-28,30.4,30.9,29.5,30.2,30.05,1689671.0,510.67
2003-05-27,31.4,31.85,29.4,29.65,29.8,2624512.0,802.0
2003-05-26,30.5,32.2,29.3,30.55,30.65,5634389.0,1746.48
2003-05-23,25.6,30.45,24.7,30.4,28.8,6746558.0,1885.57
2003-05-22,24.5,26.6,24.5,25.25,25.35,3000158.0,770.71
2003-05-21,23.25,23.7,23.05,23.4,23.25,639478.0,149.39
2003-05-20,22.25,23.45,21.5,23.15,23.0,1319325.0,300.43
2003-05-19,24.5,24.5,22.5,22.6,22.6,1490987.0,343.58
2003-05-16,25.6,26.2,24.8,25.0,25.1,1167088.0,297.5
2003-05-15,24.4,25.5,24.0,25.25,25.25,1557821.0,389.0
2003-05-14,25.05,25.2,23.95,24.15,24.15,803731.0,196.33
2003-05-13,24.6,25.45,24.6,24.75,24.9,1041580.0,260.96
2003-05-12,25.75,25.75,24.7,24.7,24.85,988039.0,247.41
2003-05-09,25.6,26.1,25.2,25.45,25.35,1351735.0,346.4
2003-05-08,26.15,26.3,24.6,25.8,25.65,2380643.0,609.49
2003-05-07,26.35,26.75,25.3,25.7,25.55,3827078.0,1000.32
2003-05-06,23.85,26.1,23.6,25.85,25.5,3290741.0,822.5
2003-05-05,24.2,24.45,23.5,23.75,23.6,867839.0,207.92
2003-05-02,23.9,24.2,23.3,23.8,23.85,853468.0,203.65
2003-04-30,24.2,24.4,23.5,23.7,23.7,921533.0,220.33
2003-04-29,23.65,24.6,23.55,23.95,23.9,2260429.0,543.37
2003-04-28,22.15,23.65,22.05,23.35,23.15,2776351.0,640.91
2003-04-25,23.75,23.75,21.8,21.9,21.95,2177769.0,490.39
2003-04-24,23.75,24.85,23.6,24.0,23.95,1800700.0,433.88
2003-04-23,24.2,24.95,22.65,24.0,24.15,3423882.0,814.32
2003-04-22,24.0,25.3,23.6,23.95,23.9,5189052.0,1264.44
2003-04-21,20.2,23.05,19.75,23.05,23.05,4082461.0,888.04
2003-04-17,19.1,19.55,18.5,19.55,19.2,827160.0,156.62
2003-04-16,20.15,20.9,19.25,19.4,19.55,2125622.0,422.24
2003-04-15,18.0,18.8,17.25,18.1,18.15,1680675.0,306.16
2003-04-11,16.15,17.8,16.15,17.4,17.45,1250711.0,214.05
2003-04-10,16.3,16.6,15.2,15.2,15.4,439681.0,69.56
2003-04-09,16.3,17.25,15.65,16.5,16.45,1213131.0,200.27
2003-04-08,15.05,16.65,14.65,16.25,16.35,831881.0,131.45
2003-04-07,15.8,15.8,14.5,15.1,15.1,281461.0,42.16
2003-04-04,14.1,14.8,13.85,14.5,14.6,306930.0,44.3
2003-04-03,13.55,14.4,13.55,14.4,14.1,148394.0,20.72
2003-04-02,13.25,13.65,13.05,13.55,13.5,109110.0,14.64
2003-04-01,13.0,13.15,12.85,12.95,12.9,78695.0,10.23
2003-03-31,13.15,13.35,12.75,12.75,12.8,256317.0,33.22
2003-03-28,13.3,13.35,13.0,13.2,13.15,80056.0,10.51
2003-03-27,13.0,13.4,12.85,13.2,13.1,108594.0,14.33
2003-03-26,13.35,13.6,13.0,13.05,13.05,221558.0,29.3
2003-03-25,13.2,13.55,13.1,13.25,13.25,159201.0,21.16
2003-03-24,14.3,14.3,13.4,13.4,13.45,87213.0,11.93
2003-03-22,14.05,14.5,13.8,14.3,14.25,84030.0,11.94
2003-03-21,13.7,13.95,13.55,13.95,13.9,67648.0,9.35
2003-03-20,13.3,13.75,13.05,13.6,13.6,141868.0,19.08
2003-03-19,13.1,13.5,13.0,13.25,13.25,169388.0,22.48
2003-03-17,13.1,13.5,12.95,12.95,13.05,170104.0,22.38
2003-03-13,14.05,14.05,13.3,13.4,13.4,201056.0,27.23
2003-03-12,14.25,14.5,13.9,13.9,14.0,145069.0,20.64
2003-03-11,13.5,14.15,13.5,13.9,13.85,178669.0,24.64
2003-03-10,14.7,14.7,14.05,14.05,14.1,168133.0,24.03
2003-03-07,15.05,15.25,14.6,14.6,14.7,182203.0,27.01
2003-03-06,15.75,15.85,15.25,15.3,15.3,104765.0,16.24
2003-03-05,15.7,15.8,15.25,15.7,15.65,151692.0,23.56
2003-03-04,16.4,16.75,15.65,16.0,15.9,206297.0,33.54
2003-03-03,17.4,17.4,16.4,16.4,16.5,69390.0,11.52
2003-02-28,17.25,17.65,16.15,16.6,16.4,380694.0,64.97
2003-02-27,16.45,16.95,16.2,16.95,16.8,121764.0,20.22
2003-02-26,16.55,16.7,16.25,16.35,16.3,73225.0,12.03
2003-02-25,15.9,17.0,15.9,16.6,16.6,107399.0,17.82
2003-02-24,16.5,17.3,16.5,17.0,16.9,147359.0,25.08
2003-02-21,17.0,17.0,16.6,16.7,16.75,70313.0,11.8
2003-02-20,16.6,17.3,16.55,16.8,16.8,172539.0,29.03
2003-02-19,18.0,18.0,16.7,17.05,17.0,167482.0,28.86
2003-02-18,17.85,18.1,17.45,17.75,17.65,543078.0,96.48
2003-02-17,17.25,17.75,17.15,17.6,17.45,171578.0,29.95
2003-02-14,17.5,17.5,16.6,16.8,16.8,122703.0,20.8
2003-02-12,17.5,17.5,16.9,17.0,17.0,96673.0,16.6
2003-02-11,17.2,17.6,17.15,17.45,17.5,158644.0,27.61
2003-02-10,17.8,17.85,17.05,17.15,17.1,103847.0,18.09
2003-02-07,18.1,18.1,17.5,17.7,17.6,114643.0,20.41
2003-02-06,18.4,18.4,17.65,18.0,17.95,195006.0,34.86
2003-02-05,18.2,18.75,17.85,18.2,18.05,760149.0,139.07
2003-02-04,18.2,18.4,17.6,18.0,17.8,728279.0,131.02
2003-02-03,17.85,18.0,17.3,18.0,17.8,481247.0,84.83
2003-01-31,16.35,17.8,16.0,17.7,17.6,396367.0,68.58
2003-01-30,16.6,16.95,16.5,16.65,16.6,110435.0,18.38
2003-01-29,17.25,17.3,16.3,16.35,16.45,204338.0,34.43
2003-01-28,16.7,17.0,16.5,16.9,16.95,250741.0,42.14
2003-01-27,18.5,18.6,16.5,16.85,16.8,491987.0,84.84
2003-01-24,18.35,18.4,17.0,17.25,17.25,397526.0,69.19
2003-01-23,18.75,18.75,18.0,18.05,18.1,217501.0,39.77
2003-01-22,19.0,19.2,18.25,18.5,18.35,306968.0,57.29
2003-01-21,19.55,19.9,18.8,18.8,18.9,852962.0,164.05
2003-01-20,19.15,19.9,18.0,18.9,18.95,2108746.0,402.25
2003-01-17,18.5,19.35,18.15,18.85,18.85,2043205.0,387.43
2003-01-16,16.25,18.15,16.25,18.05,17.6,691506.0,119.59
2003-01-15,16.5,16.75,16.25,16.25,16.35,163438.0,26.98
2003-01-14,16.5,16.5,16.15,16.4,16.4,119874.0,19.63
2003-01-13,16.25,16.65,16.25,16.4,16.4,117245.0,19.26
2003-01-10,16.9,16.9,16.45,16.45,16.5,126203.0,20.95
2003-01-09,16.85,17.1,16.7,16.8,16.75,97495.0,16.44
2003-01-08,16.6,17.25,16.6,16.65,16.65,154201.0,25.89
2003-01-07,17.0,17.05,16.55,16.8,16.75,98341.0,16.59
2003-01-06,17.45,17.45,16.75,16.85,16.8,187350.0,31.96
2003-01-03,17.55,17.75,17.15,17.2,17.2,350108.0,61.0
2003-01-02,17.9,18.0,17.2,17.35,17.3,443156.0,77.9
2003-01-01,17.5,17.95,17.2,17.9,17.8,344574.0,60.83
2002-12-31,17.05,17.95,17.0,17.5,17.4,343877.0,60.39
2002-12-30,17.1,17.2,16.75,17.0,17.1,312623.0,53.16
2002-12-27,17.95,18.25,17.45,17.55,17.55,456045.0,81.58
2002-12-26,17.65,17.95,17.5,17.85,17.75,229056.0,40.64
2002-12-24,17.45,17.45,17.2,17.3,17.35,87281.0,15.11
2002-12-23,17.9,17.9,17.1,17.25,17.2,112353.0,19.55
2002-12-20,17.7,17.95,17.25,17.5,17.4,152408.0,26.8
2002-12-19,17.1,17.85,17.1,17.6,17.6,343330.0,60.33
2002-12-18,17.7,18.0,17.6,17.9,17.85,148450.0,26.51
2002-12-17,18.4,18.5,17.6,17.9,17.85,316922.0,56.67
2002-12-16,19.25,19.65,18.15,18.35,18.35,796191.0,150.02
2002-12-13,17.9,18.4,17.85,18.4,18.25,362291.0,65.65
2002-12-12,18.2,18.35,17.6,17.65,17.75,310544.0,55.68
2002-12-11,18.3,18.35,17.7,17.75,17.8,412642.0,74.36
2002-12-10,16.55,17.85,16.5,17.85,17.7,638916.0,111.02
2002-12-09,20.5,20.9,16.1,17.35,17.4,2747332.0,520.05
2002-12-06,19.45,20.65,19.05,19.8,19.85,3597638.0,710.97
2002-12-05,17.25,18.1,17.0,17.15,17.2,849274.0,148.44
2002-12-04,17.5,17.65,16.2,17.05,16.95,587850.0,100.45
2002-12-03,18.2,18.8,16.75,16.8,17.0,1174778.0,212.41
2002-12-02,16.25,18.3,15.9,17.85,17.85,1355437.0,233.62
2002-11-29,15.15,15.85,14.75,15.8,15.75,506800.0,78.36
2002-11-28,15.4,15.4,14.85,14.95,14.95,232291.0,35.06
2002-11-27,15.5,15.65,14.85,14.9,14.95,408128.0,62.08
2002-11-26,15.5,15.5,14.75,15.4,15.3,510500.0,77.12
2002-11-25,13.5,14.75,13.4,14.5,14.45,575589.0,82.59
2002-11-22,13.6,13.7,13.0,13.3,13.3,127704.0,17.19
2002-11-21,14.0,14.1,13.25,13.5,13.5,219555.0,29.97
2002-11-20,14.2,14.2,13.8,13.9,13.9,84251.0,11.75
2002-11-18,14.15,14.25,14.0,14.1,14.05,82461.0,11.63
2002-11-15,14.0,14.4,13.85,14.05,14.05,215314.0,30.39
2002-11-14,14.2,14.35,13.8,13.95,13.9,188783.0,26.62
2002-11-13,14.7,14.7,13.9,13.9,13.95,171350.0,24.12
2002-11-12,14.0,14.15,13.6,13.75,13.8,101376.0,14.07
2002-11-11,14.4,14.4,13.8,13.85,13.9,132364.0,18.53
2002-11-08,13.7,14.7,13.7,14.3,14.3,310917.0,44.71
2002-11-07,13.9,14.2,13.6,14.1,13.95,114959.0,15.99
2002-11-05,14.35,14.5,14.2,14.3,14.25,90653.0,12.97
2002-11-04,14.5,14.8,14.35,14.5,14.45,59220.0,8.59
2002-11-01,14.55,15.0,14.25,14.7,14.6,197508.0,28.83
2002-10-31,14.5,14.6,14.25,14.3,14.3,90096.0,12.95
2002-10-30,14.8,15.1,14.45,14.5,14.6,243297.0,35.87
2002-10-29,14.1,15.05,14.0,14.6,14.6,348430.0,50.94
2002-10-28,14.5,14.5,13.65,13.75,13.8,110351.0,15.38
2002-10-25,14.3,14.75,13.75,14.15,14.2,264477.0,37.66
2002-10-24,15.0,15.15,14.6,14.7,14.7,110380.0,16.38
2002-10-23,15.05,15.2,14.8,14.9,14.85,154815.0,23.19
2002-10-22,15.3,15.6,14.75,14.95,15.05,342635.0,52.21
2002-10-21,15.0,15.45,14.75,15.25,15.2,202000.0,30.7
2002-10-18,15.95,16.45,15.35,15.4,15.45,819076.0,129.58
2002-10-17,14.6,15.9,14.25,15.75,15.6,928135.0,140.93
2002-10-16,15.3,15.4,14.4,14.6,14.6,417333.0,61.36
2002-10-14,16.0,16.0,14.8,15.15,15.2,507073.0,77.16
2002-10-11,15.5,16.45,15.1,16.4,16.15,1131623.0,180.47
2002-10-10,15.8,16.25,15.05,15.55,15.6,954896.0,148.2
2002-10-09,17.25,17.45,15.9,16.0,16.05,1074161.0,177.35
2002-10-08,16.7,17.6,16.3,16.85,16.8,3268250.0,556.2
2002-10-07,14.0,16.0,14.0,15.95,16.0,3202472.0,493.2
2002-10-04,12.8,13.4,12.7,13.4,13.3,310153.0,40.78
2002-10-03,12.8,13.2,12.7,12.75,12.8,398702.0,51.62
2002-10-01,12.6,12.85,11.85,12.2,12.25,321788.0,39.65
2002-09-30,13.5,13.5,12.4,12.6,12.45,328610.0,41.5
2002-09-27,13.25,13.55,13.25,13.35,13.4,83638.0,11.25
2002-09-26,13.75,13.75,13.25,13.3,13.35,74613.0,10.02
2002-09-25,13.5,13.7,13.4,13.5,13.5,120113.0,16.22
2002-09-24,13.5,13.85,13.45,13.6,13.6,173329.0,23.62
2002-09-23,14.0,14.3,13.65,13.65,13.75,279394.0,38.68
2002-09-20,13.15,14.4,13.05,14.0,13.9,999421.0,140.0
2002-09-19,13.5,13.8,13.15,13.5,13.55,485347.0,65.35
2002-09-18,13.75,13.8,13.4,13.5,13.55,506979.0,68.74
2002-09-17,12.75,14.15,12.75,13.95,13.9,1702266.0,232.22
2002-09-16,14.5,15.35,13.05,13.3,13.25,3285732.0,459.25
2002-09-13,17.35,18.8,14.9,15.75,15.75,6660862.0,1103.19
2002-09-12,16.1,17.5,15.8,17.2,17.3,1131739.0,190.25
2002-09-11,15.55,16.45,15.55,15.75,15.85,507431.0,81.45
2002-09-09,16.3,17.5,15.6,15.95,15.95,1439278.0,234.26
2002-09-06,20.25,20.25,19.1,19.5,19.4,299703.0,58.42
2002-09-05,20.7,20.75,19.9,19.9,20.0,339338.0,68.75
2002-09-04,19.4,20.8,19.15,20.5,20.35,977278.0,197.79
2002-09-03,20.65,20.8,19.3,19.5,19.5,376108.0,74.64
2002-09-02,18.95,20.5,18.95,20.4,20.2,677748.0,134.31
2002-08-30,19.0,19.2,18.3,18.85,18.75,351860.0,65.84
2002-08-29,19.4,20.1,18.65,18.9,18.85,518723.0,99.05
2002-08-28,20.4,20.65,20.0,20.15,20.1,235467.0,47.71
2002-08-27,20.8,21.25,19.9,20.3,20.25,672062.0,137.6
2002-08-26,21.4,21.8,20.4,20.55,20.6,308210.0,64.89
2002-08-23,22.2,22.3,20.95,21.5,21.3,410299.0,88.67
2002-08-22,22.85,22.95,22.05,22.1,22.25,220320.0,49.52
2002-08-21,23.0,23.85,22.5,22.7,22.7,284883.0,64.54
2002-08-20,22.95,22.95,22.25,22.65,22.5,471031.0,106.4
2002-08-19,22.85,23.55,22.25,22.5,22.45,991640.0,227.82
2002-08-16,22.9,23.0,22.4,22.7,22.65,265840.0,60.16
2002-08-14,22.65,23.1,22.4,22.55,22.6,244266.0,55.43
2002-08-13,23.3,23.75,22.75,23.0,22.9,516878.0,120.41
2002-08-12,22.8,23.35,22.35,23.3,23.05,492797.0,112.21
2002-08-09,22.55,23.5,21.5,22.5,22.55,1077862.0,241.98
2002-08-08,24.25,24.45,22.3,22.75,22.55,1115417.0,260.31
2002-08-07,25.25,25.4,24.05,24.1,24.25,1160911.0,287.18
2002-08-06,23.95,25.2,23.8,24.6,24.65,2083592.0,513.27
2002-08-05,23.75,25.1,23.0,24.45,24.65,1480615.0,357.23
2002-08-02,21.6,23.35,21.6,23.25,23.0,1606177.0,365.09
2002-08-01,23.25,23.55,22.05,22.75,22.9,1644010.0,376.1
2002-07-31,20.75,23.4,19.5,23.4,22.35,1985962.0,425.16
2002-07-30,24.0,24.6,21.65,21.8,22.35,2031646.0,479.58
2002-07-29,24.95,25.0,21.3,23.0,22.8,2308365.0,518.89
2002-07-26,27.6,28.0,23.7,24.4,24.2,1651087.0,421.83
2002-07-25,30.05,30.35,28.1,28.25,28.4,926270.0,268.95
2002-07-24,29.75,30.7,29.0,29.0,29.35,660931.0,197.96
2002-07-23,29.95,30.6,29.5,30.15,30.1,627307.0,188.25
2002-07-22,31.5,31.5,29.8,30.0,30.0,831364.0,254.13
2002-07-19,32.15,33.25,31.3,31.75,32.0,3075627.0,993.96
2002-07-18,30.6,32.25,30.35,32.15,31.9,1298065.0,406.66
2002-07-17,31.25,31.4,29.7,30.5,30.6,952265.0,290.43
2002-07-16,31.7,32.45,30.6,31.15,31.4,1179003.0,374.28
2002-07-15,33.0,33.2,31.05,31.65,31.6,788912.0,250.69
2002-07-12,32.35,33.4,32.25,33.35,32.75,1269548.0,414.72
2002-07-11,33.35,33.55,30.05,32.2,31.95,1169168.0,381.13
2002-07-10,33.35,34.45,32.55,33.05,32.85,1456312.0,488.33
2002-07-09,33.55,34.0,32.75,33.1,33.05,1143977.0,381.32
2002-07-08,35.4,35.4,33.25,33.55,33.55,2521807.0,861.3
2002-07-05,37.45,38.2,34.6,34.8,34.75,5074650.0,1817.91
2002-07-04,34.45,37.3,34.4,37.2,36.85,6018555.0,2174.19
2002-07-03,34.5,36.35,33.8,34.25,34.1,3360296.0,1179.83
2002-07-02,33.95,36.15,32.55,34.85,34.5,7207954.0,2497.44
2002-07-01,29.2,34.15,28.7,34.0,32.8,4234175.0,1346.2
2002-06-28,29.5,29.65,28.3,28.5,28.6,523104.0,151.74
2002-06-27,29.25,29.7,28.8,29.1,29.1,503728.0,147.39
2002-06-26,30.2,30.8,28.6,29.2,28.85,1031218.0,303.94
2002-06-25,29.8,31.45,29.6,30.2,30.3,2526474.0,775.36
2002-06-24,30.8,30.8,29.35,29.8,29.9,650069.0,195.06
2002-06-21,30.4,31.75,30.0,30.3,30.25,1260274.0,387.87
2002-06-20,29.9,30.8,29.25,30.25,30.05,1264639.0,380.92
2002-06-19,30.95,31.6,29.45,29.6,29.7,1704339.0,517.14
2002-06-18,32.0,32.1,30.15,30.2,30.3,910019.0,279.91
2002-06-17,31.75,33.0,31.3,31.8,31.7,1651748.0,530.74
2002-06-14,32.5,32.85,31.15,31.3,31.35,2521743.0,805.84
2002-06-13,31.0,32.9,28.55,32.75,32.3,6493083.0,2045.09
2002-06-12,31.6,31.75,30.45,30.75,30.7,1230937.0,382.52
2002-06-11,32.0,32.85,31.25,31.35,31.45,2239083.0,717.01
2002-06-10,30.6,31.75,30.45,31.65,31.4,3314383.0,1036.92
2002-06-07,31.9,32.85,29.1,30.15,30.15,6243385.0,1918.49
2002-06-06,34.9,35.0,31.2,32.75,32.6,5347173.0,1750.64
2002-06-05,38.0,38.0,34.15,34.35,34.45,5840531.0,2069.39
2002-06-04,35.9,37.85,33.55,37.25,37.05,12588245.0,4561.18
2002-06-03,35.0,38.25,34.3,35.8,35.2,13956547.0,5089.32
2002-05-31,29.6,34.65,28.4,34.35,34.35,14475150.0,4635.29
2002-05-30,30.3,31.9,28.3,29.35,29.0,6370723.0,1910.47
2002-05-29,28.5,30.35,27.1,29.5,29.05,4804834.0,1374.84
2002-05-28,29.0,32.9,27.65,27.95,28.1,8728010.0,2596.07
2002-05-27,27.45,31.0,26.0,31.0,30.6,8008517.0,2360.03
2002-05-24,21.85,25.8,21.85,25.8,25.8,5723423.0,1407.39
2002-05-23,21.5,21.9,20.8,21.45,21.5,1841844.0,395.23
2002-05-22,19.5,21.5,19.5,21.05,21.05,3126171.0,650.04
2002-05-21,21.7,21.75,19.35,20.3,20.1,3633451.0,737.73
2002-05-20,20.9,22.85,19.5,21.35,21.75,7407183.0,1591.3
2002-05-17,18.75,20.4,18.15,19.9,19.75,4716695.0,919.36
2002-05-16,18.2,18.4,17.05,18.0,17.85,1384903.0,245.75
2002-05-15,18.75,19.5,17.5,18.15,17.9,1676850.0,309.33
2002-05-14,20.3,20.3,18.4,18.45,18.6,1697379.0,321.06
2002-05-13,18.5,20.25,18.25,19.9,19.4,3810827.0,741.23
2002-05-10,16.5,18.4,15.9,17.8,17.95,3105489.0,539.4
2002-05-09,16.0,16.2,15.15,16.1,16.05,1223356.0,192.72
2002-05-08,15.0,16.3,15.0,15.4,15.35,1506375.0,236.35
2002-05-07,15.25,15.3,14.75,14.75,14.85,324421.0,48.86
2002-05-06,14.8,15.3,13.95,15.2,15.2,813374.0,120.86
2002-05-03,14.85,14.85,14.0,14.15,14.1,320787.0,45.77
2002-05-02,15.0,15.5,14.6,14.85,14.8,599258.0,88.97
2002-04-30,13.75,14.8,13.7,14.65,14.5,712424.0,102.58
2002-04-29,14.4,14.45,13.6,13.7,13.75,371539.0,51.95
2002-04-26,13.9,14.8,13.7,13.8,13.8,898203.0,128.06
2002-04-25,12.5,14.0,12.45,13.65,13.7,1287996.0,172.35
2002-04-24,12.2,12.5,12.0,12.35,12.3,374901.0,46.18
2002-04-23,11.8,12.45,11.6,11.85,11.85,446506.0,53.45
2002-04-22,11.8,11.8,11.25,11.75,11.65,371271.0,42.78
2002-04-19,12.25,12.25,11.3,11.5,11.45,305187.0,35.6
2002-04-18,11.6,12.6,11.6,12.0,11.95,980914.0,119.01
2002-04-17,12.25,12.7,11.25,11.6,11.6,429168.0,49.81
2002-04-16,12.0,12.5,11.75,11.8,11.85,491952.0,59.19
2002-04-15,13.1,13.1,12.1,12.4,12.2,279589.0,35.08
2002-04-12,12.6,13.25,12.6,12.75,12.8,293408.0,38.12
2002-04-11,13.75,13.95,13.05,13.05,13.15,445697.0,60.1
2002-04-10,14.6,14.8,13.25,13.4,13.35,386501.0,53.05
2002-04-09,15.5,15.5,13.55,13.8,13.7,381801.0,53.81
2002-04-08,15.3,15.3,14.2,14.25,14.25,452351.0,65.59
2002-04-05,16.45,16.65,14.4,14.8,14.8,779714.0,116.46
2002-04-04,15.7,15.7,14.4,14.8,14.75,1515043.0,228.71
2002-04-03,12.7,14.75,12.6,13.95,14.1,2025514.0,282.19
2002-04-02,12.7,13.5,12.3,12.65,12.6,810761.0,104.81
2002-04-01,11.3,12.6,11.2,12.4,12.3,858293.0,103.43
2002-03-28,11.2,11.85,11.05,11.2,11.15,431475.0,49.33
2002-03-27,10.7,11.45,10.6,11.05,11.05,375108.0,41.86
2002-03-26,10.5,10.8,10.05,10.7,10.65,162329.0,17.08
2002-03-22,10.85,11.3,10.3,10.5,10.45,326655.0,35.22
2002-03-21,10.2,10.95,9.9,10.3,10.25,475662.0,50.0
2002-03-20,9.8,10.6,9.75,9.9,9.95,259175.0,25.97
2002-03-19,11.7,11.7,10.05,10.15,10.25,492295.0,52.7
2002-03-18,9.35,10.8,9.3,10.8,10.8,670388.0,70.33
2002-03-15,9.35,9.5,8.85,9.05,9.0,186667.0,16.84
2002-03-14,9.55,9.55,8.9,9.0,9.1,94264.0,8.63
2002-03-13,9.9,9.9,9.2,9.45,9.3,57310.0,5.46
2002-03-12,9.3,9.8,9.0,9.25,9.35,95830.0,8.9
2002-03-11,10.0,10.0,9.45,9.45,9.55,73074.0,7.06
2002-03-08,9.8,10.2,9.5,9.6,9.65,145028.0,14.31
2002-03-07,10.15,10.5,9.7,9.8,9.9,183499.0,18.58
2002-03-06,10.05,10.55,9.8,10.15,10.05,142821.0,14.43
2002-03-05,11.4,11.4,10.45,10.45,10.6,137032.0,14.6
2002-03-04,11.1,11.4,10.4,10.65,10.75,243008.0,26.51
2002-03-01,10.35,10.95,10.05,10.85,10.85,361134.0,38.37
2002-02-28,12.5,13.0,9.75,9.8,9.85,1697530.0,194.88
2002-02-27,10.8,12.4,10.1,12.15,12.15,1379307.0,160.29
2002-02-26,10.6,10.75,10.2,10.25,10.3,149238.0,15.59
2002-02-25,11.6,11.7,10.5,10.55,10.55,277892.0,30.29
2002-02-22,10.5,11.2,10.25,11.1,11.0,471301.0,50.94
2002-02-21,10.0,11.15,10.0,10.3,10.15,616399.0,65.08
2002-02-20,10.0,10.3,9.65,10.05,10.0,243195.0,24.33
2002-02-19,10.8,11.0,10.05,10.15,10.05,248004.0,25.92
2002-02-18,10.75,11.4,10.15,10.95,10.8,730463.0,79.13
2002-02-15,10.0,11.25,9.8,9.95,10.15,1362510.0,145.04
2002-02-14,8.4,9.7,8.25,9.7,9.7,881327.0,82.75
2002-02-13,8.25,8.5,8.0,8.1,8.05,138627.0,11.4
2002-02-12,8.7,8.95,7.4,7.75,7.85,162407.0,12.98
2002-02-11,8.5,9.1,8.35,8.4,8.55,299799.0,26.52
2002-02-08,7.0,8.0,6.85,8.0,8.0,300276.0,23.16
2002-02-07,7.1,7.3,6.35,6.75,6.65,152875.0,10.38
2002-02-06,5.95,6.6,5.7,6.6,6.6,148795.0,9.48
2002-02-05,5.55,5.75,5.45,5.45,5.5,48535.0,2.69
2002-02-04,5.8,6.15,5.5,5.5,5.55,63832.0,3.62
2002-02-01,5.5,6.15,5.5,5.75,5.75,131056.0,7.3
2002-01-31,5.4,5.65,5.35,5.65,5.5,12700.0,0.69
2002-01-30,5.5,5.5,5.35,5.35,5.45,18650.0,1.02
2002-01-29,5.35,5.4,5.35,5.4,5.4,5000.0,0.27
2002-01-28,5.1,5.5,5.1,5.5,5.5,6800.0,0.37
2002-01-25,5.05,5.05,5.05,5.05,5.05,800.0,0.04
2002-01-24,5.4,5.5,5.4,5.5,5.5,800.0,0.04
2002-01-23,5.4,5.5,5.35,5.5,5.5,2000.0,0.11
2002-01-22,5.4,5.5,5.35,5.4,5.4,2600.0,0.14
2002-01-21,5.45,5.6,5.45,5.5,5.5,16150.0,0.89
2002-01-18,5.5,5.65,5.5,5.5,5.5,3300.0,0.18
2002-01-17,5.5,5.65,5.45,5.45,5.45,3900.0,0.22
2002-01-16,5.5,5.6,5.0,5.3,5.3,7724.0,0.41
2002-01-15,5.5,5.55,5.5,5.5,5.5,4900.0,0.27
2002-01-14,5.4,5.7,5.4,5.5,5.5,12501.0,0.69
2002-01-11,5.1,5.35,5.1,5.25,5.25,5000.0,0.26
2002-01-10,5.2,5.5,5.1,5.5,5.5,16301.0,0.84
2002-01-09,5.25,5.5,5.25,5.5,5.45,12300.0,0.65
2002-01-08,5.15,5.3,5.15,5.3,5.25,9700.0,0.5
2002-01-07,5.3,5.3,5.0,5.1,5.1,6300.0,0.32
2002-01-04,5.4,5.4,5.1,5.3,5.3,5800.0,0.31
2002-01-03,5.3,5.4,5.3,5.4,5.4,3975.0,0.21
2002-01-02,5.5,5.5,5.35,5.35,5.35,1500.0,0.08
2002-01-01,5.5,5.5,5.35,5.5,5.4,2300.0,0.12
2001-12-31,5.3,5.5,5.3,5.5,5.45,11700.0,0.63
2001-12-28,5.15,5.5,5.1,5.45,5.45,22625.0,1.22
2001-12-27,5.4,5.4,5.35,5.35,5.35,13100.0,0.7
2001-12-26,5.2,5.5,5.2,5.5,5.5,16269.0,0.89
2001-12-24,5.0,5.45,5.0,5.35,5.35,10250.0,0.54
2001-12-21,5.3,5.7,5.3,5.65,5.6,43200.0,2.41
2001-12-20,5.5,5.65,5.5,5.6,5.6,18000.0,1.01
2001-12-19,5.6,5.75,5.5,5.75,5.75,39700.0,2.24
2001-12-18,5.5,5.85,5.5,5.6,5.6,41500.0,2.38
2001-12-14,5.7,5.7,5.45,5.55,5.5,12500.0,0.69
2001-12-13,5.5,5.65,5.4,5.45,5.45,16700.0,0.93
2001-12-12,5.55,5.7,5.45,5.5,5.5,9550.0,0.53
2001-12-11,5.6,5.75,5.5,5.55,5.55,61500.0,3.4
2001-12-10,5.7,5.7,5.5,5.7,5.7,11700.0,0.65
2001-12-07,4.75,5.85,4.75,5.65,5.65,2900.0,0.16
2001-12-06,5.5,5.8,5.5,5.65,5.65,16100.0,0.91
2001-12-05,6.0,6.0,5.7,5.7,5.7,10600.0,0.61
2001-12-04,5.5,5.7,5.5,5.65,5.65,7050.0,0.4
2001-12-03,5.7,5.8,5.7,5.7,5.7,1250.0,0.07
2001-11-29,5.55,5.9,5.55,5.65,5.65,5300.0,0.3
2001-11-28,5.8,5.85,5.55,5.65,5.6,32930.0,1.87
2001-11-27,5.85,5.95,5.8,5.8,5.9,7700.0,0.45
2001-11-26,5.9,5.95,5.45,5.95,5.95,31500.0,1.84
2001-11-23,5.85,6.0,5.75,5.85,5.9,17000.0,1.01
2001-11-22,6.25,6.25,5.7,5.8,5.8,3900.0,0.24
2001-11-21,5.95,6.1,5.6,5.6,5.65,18500.0,1.06
2001-11-20,6.1,6.1,6.0,6.0,6.0,6500.0,0.39
2001-11-19,6.0,6.15,6.0,6.15,6.1,105091.0,6.36
2001-11-15,5.9,6.0,5.9,6.0,5.95,10800.0,0.64
2001-11-14,5.95,5.95,5.9,5.9,5.95,2050.0,0.12
2001-11-13,5.85,5.95,5.8,5.9,5.9,14221.0,0.83
2001-11-12,5.7,6.1,5.7,5.9,5.8,10584.0,0.62
2001-11-09,5.95,6.0,5.75,5.75,5.75,7600.0,0.45
2001-11-08,5.9,5.95,5.8,5.8,5.9,10101.0,0.59
2001-11-07,5.7,5.95,5.65,5.9,5.9,7746.0,0.44
2001-11-06,5.8,5.9,5.75,5.8,5.8,6200.0,0.36
2001-11-05,5.85,5.95,5.75,5.8,5.8,9550.0,0.56
2001-11-02,5.75,5.8,5.65,5.75,5.65,12726.0,0.73
2001-11-01,5.7,5.9,5.7,5.85,5.85,9776.0,0.56
2001-10-31,5.5,5.7,5.4,5.6,5.6,18424.0,1.03
2001-10-30,6.1,6.1,5.55,5.6,5.6,3502.0,0.2
2001-10-29,5.95,5.95,5.65,5.65,5.75,3813.0,0.22
2001-10-25,6.1,6.1,5.85,5.95,5.95,10300.0,0.61
2001-10-24,5.9,5.9,5.75,5.8,5.8,4600.0,0.27
2001-10-23,5.85,5.9,5.8,5.9,5.9,15550.0,0.91
2001-10-22,5.75,5.9,5.7,5.75,5.75,24259.0,1.41
2001-10-19,5.5,5.55,5.35,5.55,5.5,18917.0,1.04
2001-10-18,5.6,5.6,5.25,5.4,5.4,1200.0,0.07
2001-10-17,5.3,5.5,5.3,5.35,5.35,11305.0,0.62
2001-10-16,5.2,5.4,5.2,5.35,5.35,12000.0,0.65
2001-10-15,4.7,5.4,4.7,5.35,5.35,8700.0,0.46
2001-10-12,5.4,5.45,5.25,5.35,5.35,14400.0,0.76
2001-10-11,5.3,5.35,5.15,5.25,5.2,17750.0,0.93
2001-10-10,5.3,5.5,5.3,5.3,5.4,7350.0,0.39
2001-10-09,5.4,5.45,5.3,5.45,5.45,4431.0,0.24
2001-10-08,5.05,5.3,4.95,5.3,5.3,16299.0,0.84
2001-10-05,5.1,5.2,5.1,5.15,5.15,13808.0,0.71
2001-10-04,5.25,5.3,5.15,5.15,5.15,15450.0,0.81
2001-10-03,5.0,5.55,5.0,5.4,5.4,51950.0,2.79
2001-10-01,4.8,5.0,4.75,5.0,5.0,36700.0,1.79
2001-09-28,4.9,5.0,4.9,4.9,4.9,1750.0,0.09
2001-09-27,4.95,4.95,4.75,4.75,4.75,6250.0,0.3
2001-09-26,5.0,5.05,4.9,5.0,5.0,3500.0,0.17
2001-09-25,4.75,5.05,4.75,4.85,4.85,1865.0,0.09
2001-09-24,4.65,4.95,4.65,4.95,4.95,12800.0,0.63
2001-09-21,4.85,4.95,4.8,4.85,4.85,10100.0,0.49
2001-09-20,5.1,5.1,4.75,4.8,4.8,11000.0,0.54
2001-09-19,4.85,4.9,4.8,4.8,4.8,3100.0,0.15
2001-09-18,4.9,5.25,4.8,5.0,4.95,15400.0,0.77
2001-09-17,4.75,5.0,4.5,4.65,4.75,20192.0,0.95
2001-09-14,4.9,5.35,4.75,4.75,4.75,6015.0,0.29
2001-09-13,5.1,5.1,5.0,5.0,5.0,15900.0,0.8
2001-09-12,5.0,5.25,4.95,5.05,5.05,29700.0,1.52
2001-09-11,5.5,5.6,5.2,5.6,5.45,8901.0,0.47
2001-09-10,5.25,5.6,5.05,5.55,5.55,12350.0,0.68
2001-09-07,5.3,5.3,5.05,5.25,5.25,3350.0,0.17
2001-09-06,5.25,5.25,5.05,5.05,5.05,1300.0,0.07
2001-09-05,5.35,5.45,5.25,5.25,5.3,3610.0,0.19
2001-09-04,5.4,5.4,5.3,5.3,5.3,1100.0,0.06
2001-09-03,5.35,5.55,5.35,5.35,5.4,9512.0,0.51
2001-08-31,5.6,5.7,5.6,5.65,5.65,5421.0,0.31
2001-08-29,5.6,5.7,5.6,5.65,5.65,11934.0,0.68
2001-08-28,5.65,5.7,5.55,5.55,5.6,4490.0,0.25
2001-08-27,5.65,6.0,5.65,5.65,5.65,30300.0,1.73
2001-08-24,5.65,5.65,5.6,5.6,5.6,3500.0,0.2
2001-08-23,5.45,5.6,5.45,5.6,5.6,1400.0,0.08
2001-08-21,5.65,5.7,5.55,5.55,5.55,12200.0,0.69
2001-08-20,5.3,5.85,5.25,5.5,5.5,18593.0,1.02
2001-08-17,5.3,5.4,5.3,5.3,5.3,12250.0,0.65
2001-08-16,5.45,5.6,5.3,5.35,5.4,10400.0,0.57
2001-08-14,5.5,5.6,5.35,5.35,5.35,3400.0,0.18
2001-08-13,5.45,5.55,5.45,5.5,5.5,3400.0,0.19
2001-08-10,5.3,5.75,5.3,5.5,5.55,6798.0,0.38
2001-08-09,5.65,5.7,5.6,5.6,5.6,5497.0,0.31
2001-08-08,5.85,5.85,5.4,5.7,5.7,3553.0,0.2
2001-08-07,5.7,5.75,5.65,5.75,5.75,7800.0,0.44
2001-08-06,6.25,6.25,5.75,5.8,5.75,8149.0,0.47
2001-08-03,5.7,5.7,5.7,5.7,5.7,800.0,0.05
2001-08-02,5.4,5.95,5.4,5.65,5.65,8900.0,0.51
2001-08-01,5.8,5.8,5.6,5.75,5.75,1700.0,0.1
2001-07-31,5.6,5.85,5.6,5.65,5.65,8550.0,0.49
2001-07-30,5.45,5.9,5.45,5.5,5.55,9190.0,0.52
2001-07-27,5.5,5.5,5.35,5.35,5.35,900.0,0.05
2001-07-26,5.5,5.5,5.4,5.4,5.4,15183.0,0.82
2001-07-25,5.5,5.8,5.4,5.5,5.5,10600.0,0.59
2001-07-24,5.7,5.8,5.6,5.6,5.6,9900.0,0.56
2001-07-20,5.7,5.95,5.7,5.7,5.7,9000.0,0.51
2001-07-19,5.9,5.9,5.7,5.7,5.7,5917.0,0.34
2001-07-18,5.75,5.9,5.7,5.75,5.75,2150.0,0.12
2001-07-17,5.55,5.85,5.55,5.8,5.8,2300.0,0.13
2001-07-16,5.9,5.9,5.65,5.85,5.85,5600.0,0.33
2001-07-13,5.85,5.95,5.55,5.75,5.75,11203.0,0.65
2001-07-12,5.6,5.9,5.6,5.85,5.85,3151.0,0.18
2001-07-11,5.75,6.0,5.75,5.9,5.9,3026.0,0.18
2001-07-10,5.9,5.95,5.7,5.7,5.7,10600.0,0.61
2001-07-09,6.0,6.0,5.25,5.75,5.4,19410.0,1.08
2001-07-06,5.75,5.85,5.75,5.85,5.85,3600.0,0.21
2001-07-05,5.6,5.65,5.45,5.65,5.65,1200.0,0.07
2001-07-04,5.65,6.0,5.65,6.0,5.95,7601.0,0.44
2001-07-03,5.8,5.8,5.5,5.8,5.8,7850.0,0.44
2001-07-02,6.65,6.65,5.75,6.15,6.15,2000.0,0.12
2001-06-29,5.75,5.9,5.7,5.9,5.7,33399.0,1.93
2001-06-28,5.85,5.9,5.7,5.9,5.9,16000.0,0.93
2001-06-27,5.85,5.85,5.7,5.7,5.7,3238.0,0.19
2001-06-26,5.6,5.85,5.6,5.6,5.65,89057.0,5.13
2001-06-25,5.6,5.85,5.6,5.6,5.6,5101.0,0.29
2001-06-22,5.7,5.85,5.6,5.8,5.8,21057.0,1.19
2001-06-21,5.7,5.85,5.7,5.7,5.7,8801.0,0.51
2001-06-20,5.85,5.95,5.75,5.75,5.75,18003.0,1.05
2001-06-19,5.65,5.8,5.65,5.75,5.7,13100.0,0.75
2001-06-18,5.7,5.75,5.65,5.75,5.75,5298.0,0.3
2001-06-15,5.85,5.85,5.65,5.75,5.75,23802.0,1.37
2001-06-14,5.95,6.0,5.75,5.8,5.75,40956.0,2.37
2001-06-13,5.8,5.9,5.8,5.85,5.85,13000.0,0.76
2001-06-12,5.95,6.05,5.8,6.05,6.0,17732.0,1.05
2001-06-11,5.85,6.0,5.85,5.9,5.9,5392.0,0.32
2001-06-08,5.8,6.2,5.8,6.0,5.95,5797.0,0.35
2001-06-07,5.9,5.9,5.8,5.9,5.9,10300.0,0.6
2001-06-06,5.8,6.1,5.8,6.1,6.05,19300.0,1.15
2001-06-05,6.0,6.0,5.8,5.85,5.9,31721.0,1.87
2001-06-04,6.1,6.1,5.85,5.9,5.9,16152.0,0.96
2001-06-01,6.25,6.25,6.0,6.1,6.1,33400.0,2.03
2001-05-31,6.1,6.25,6.1,6.1,6.1,6202.0,0.38
2001-05-30,6.5,6.5,6.1,6.15,6.15,45102.0,2.82
2001-05-29,6.15,6.4,6.1,6.4,6.25,62532.0,3.89
2001-05-28,6.0,6.15,5.85,6.1,6.1,40500.0,2.44
2001-05-25,5.9,6.0,5.85,6.0,6.0,23701.0,1.4
2001-05-24,6.05,6.05,5.9,5.9,5.9,10800.0,0.65
2001-05-23,6.0,6.05,5.85,5.9,5.9,16002.0,0.96
2001-05-22,6.0,6.0,5.75,5.95,5.95,40852.0,2.42
2001-05-21,5.85,6.1,5.85,6.0,6.0,62300.0,3.71
2001-05-18,5.75,6.0,5.6,5.8,5.8,18202.0,1.06
2001-05-17,5.85,5.85,5.7,5.8,5.75,2501.0,0.14
2001-05-16,5.75,5.9,5.35,5.65,5.7,58703.0,3.27
2001-05-15,5.9,6.0,5.8,5.8,5.8,10900.0,0.64
2001-05-14,6.0,6.0,6.0,6.0,6.0,1000.0,0.06
2001-05-10,6.0,6.1,5.95,5.95,5.95,3600.0,0.22
2001-05-09,5.6,6.45,5.6,6.0,5.9,9900.0,0.59
2001-05-08,5.75,6.05,5.75,5.95,6.0,5178.0,0.31
2001-05-07,6.0,6.0,5.75,5.85,5.85,9351.0,0.54
2001-05-04,6.0,6.1,5.8,5.8,5.8,9702.0,0.58
2001-05-03,5.9,6.1,5.9,6.1,6.1,1300.0,0.08
2001-05-02,5.9,6.0,5.9,6.0,5.95,3105.0,0.19
2001-04-30,5.85,6.0,5.75,5.75,5.8,13200.0,0.77
2001-04-27,5.95,6.1,5.9,6.0,6.0,38201.0,2.3
2001-04-26,5.95,6.15,5.95,6.05,6.05,23150.0,1.39
2001-04-25,5.7,5.85,5.7,5.85,5.85,5750.0,0.33
2001-04-24,5.75,6.0,5.6,5.6,5.6,8200.0,0.46
2001-04-23,5.6,5.85,5.6,5.8,5.8,13027.0,0.76
2001-04-20,6.0,6.0,5.7,5.7,5.75,13102.0,0.75
2001-04-19,5.95,6.0,5.7,5.85,5.85,10600.0,0.63
2001-04-18,5.8,5.85,5.6,5.75,5.7,6229.0,0.36
2001-04-17,5.45,5.6,5.4,5.5,5.45,22600.0,1.25
2001-04-16,5.4,5.55,5.4,5.5,5.5,15984.0,0.88
2001-04-12,5.5,5.55,5.1,5.1,5.15,92050.0,4.83
2001-04-11,5.65,5.8,5.6,5.65,5.7,8600.0,0.49
2001-04-10,5.8,5.95,5.5,5.55,5.55,43100.0,2.41
2001-04-09,5.95,5.95,5.75,5.9,5.9,6000.0,0.35
2001-04-06,5.9,6.0,5.5,6.0,5.65,62200.0,3.57
2001-04-04,6.2,6.2,5.9,5.9,5.95,35520.0,2.14
2001-04-03,6.0,6.2,6.0,6.2,6.2,40060.0,2.44
2001-04-02,6.2,6.2,6.0,6.15,6.1,38700.0,2.34
2001-03-30,6.1,6.25,6.0,6.2,6.1,78252.0,4.72
2001-03-29,6.2,6.75,6.1,6.3,6.15,159510.0,10.14
2001-03-28,6.2,6.2,5.9,6.0,6.0,15140.0,0.91
2001-03-27,5.7,5.9,5.65,5.9,5.8,131519.0,7.55
2001-03-26,5.85,6.0,5.65,5.85,5.85,11440.0,0.67
2001-03-23,5.75,6.25,5.75,5.75,5.75,20248.0,1.18
2001-03-22,6.2,6.45,6.0,6.0,6.05,10093.0,0.62
2001-03-21,5.55,5.85,5.55,5.85,5.8,14568.0,0.83
2001-03-20,5.5,5.8,5.3,5.5,5.55,75548.0,4.14
2001-03-19,5.8,5.9,5.7,5.9,5.85,46150.0,2.69
2001-03-16,6.1,6.1,5.75,6.0,6.0,33652.0,2.0
2001-03-15,6.5,6.5,5.9,6.0,6.0,60546.0,3.64
2001-03-14,6.0,6.3,5.85,6.25,6.25,7400.0,0.45
2001-03-13,6.05,6.2,5.5,6.0,5.8,76263.0,4.48
2001-03-12,6.7,7.1,6.2,6.2,6.25,54930.0,3.53
2001-03-09,6.7,6.7,6.1,6.6,6.45,32159.0,2.06
2001-03-08,6.75,7.1,6.7,6.7,6.75,32387.0,2.22
2001-03-07,6.65,6.95,6.6,6.75,6.75,45975.0,3.12
2001-03-05,6.85,7.0,6.35,6.4,6.4,128351.0,8.43
2001-03-02,7.5,7.85,6.75,7.0,6.8,93235.0,6.72
2001-03-01,7.5,7.5,7.0,7.25,7.15,116346.0,8.35
2001-02-28,8.0,8.4,7.4,7.45,7.45,190335.0,14.99
2001-02-27,8.15,8.2,7.5,7.8,7.6,115339.0,9.06
2001-02-26,8.1,8.35,7.95,8.35,8.3,61363.0,4.98
2001-02-23,8.75,8.9,8.15,8.35,8.25,116929.0,9.81
2001-02-22,8.35,9.0,8.2,9.0,8.8,119683.0,10.27
2001-02-21,8.15,8.5,7.9,8.35,8.3,61640.0,5.05
2001-02-20,8.45,8.6,8.0,8.15,8.1,136722.0,11.21
2001-02-19,7.6,8.5,7.6,8.25,8.3,54317.0,4.5
2001-02-16,8.75,8.9,8.0,8.0,8.05,109948.0,9.05
2001-02-15,8.7,8.95,8.5,8.5,8.5,86991.0,7.52
2001-02-14,8.7,9.35,8.45,8.5,8.55,40050.0,3.45
2001-02-13,9.05,9.15,8.5,8.65,8.7,104849.0,9.15
2001-02-12,10.5,10.5,9.1,9.2,9.2,188300.0,18.39
2001-02-09,9.75,10.7,9.75,10.0,9.8,449700.0,45.63
2001-02-08,9.2,9.75,9.2,9.5,9.45,102402.0,9.73
2001-02-07,9.4,9.8,9.1,9.25,9.3,238121.0,22.5
2001-02-06,8.8,8.9,8.35,8.7,8.75,116919.0,10.14
2001-02-05,8.0,8.5,7.6,8.5,8.4,102159.0,8.44
2001-02-02,7.1,7.9,7.1,7.7,7.7,54004.0,4.12
2001-02-01,7.5,7.5,7.3,7.4,7.3,17600.0,1.29
2001-01-31,7.0,7.4,7.0,7.25,7.25,15000.0,1.09
2001-01-30,7.2,7.5,7.15,7.35,7.35,16250.0,1.19
2001-01-29,7.55,7.6,7.05,7.5,7.55,95200.0,7.04
2001-01-25,7.5,7.65,7.5,7.5,7.6,38003.0,2.89
2001-01-24,7.55,7.55,7.4,7.45,7.45,5000.0,0.37
2001-01-23,7.25,7.5,7.25,7.4,7.4,12100.0,0.89
2001-01-22,7.8,7.8,7.4,7.4,7.4,15349.0,1.14
2001-01-19,7.85,7.9,7.4,7.6,7.5,14510.0,1.09
2001-01-18,7.95,8.0,7.1,7.6,7.6,87429.0,6.7
2001-01-17,9.9,9.9,7.3,7.85,7.8,45900.0,3.56
2001-01-16,7.2,7.45,7.15,7.4,7.3,39458.0,2.88
2001-01-15,6.95,7.45,6.95,7.1,7.2,32152.0,2.3
2001-01-12,6.5,6.85,6.5,6.85,6.7,19750.0,1.34
2001-01-11,7.0,7.0,6.6,6.6,6.6,11050.0,0.74
2001-01-10,6.85,6.95,6.85,6.95,6.95,999.0,0.07
2001-01-09,6.9,7.05,6.7,7.05,6.85,16298.0,1.11
2001-01-08,6.7,7.15,6.65,6.9,6.9,12000.0,0.84
2001-01-05,7.2,7.25,7.0,7.0,7.0,10500.0,0.75
2001-01-04,7.45,7.45,7.15,7.2,7.2,8200.0,0.59
2001-01-03,7.7,7.7,7.05,7.25,7.2,6902.0,0.5
2001-01-02,7.15,7.35,6.95,7.35,7.15,15700.0,1.13
2001-01-01,7.15,7.15,7.0,7.15,7.15,5200.0,0.37
2000-12-29,6.8,7.2,6.8,7.05,7.05,16000.0,1.13
2000-12-28,7.15,7.2,6.95,6.95,7.0,15400.0,1.09
2000-12-27,8.5,8.5,6.85,7.25,7.2,11050.0,0.8
2000-12-26,7.0,7.0,6.65,6.65,6.75,22750.0,1.54
2000-12-22,7.3,7.45,7.1,7.2,7.15,18301.0,1.32
2000-12-21,7.4,7.45,7.05,7.45,7.45,12200.0,0.9
2000-12-20,8.5,8.5,7.4,7.5,7.5,12951.0,0.97
2000-12-19,7.7,7.95,7.5,7.9,7.55,33795.0,2.58
2000-12-18,6.5,7.8,6.5,7.7,7.5,16360.0,1.22
2000-12-15,8.35,8.35,7.8,7.85,7.85,54116.0,4.32
2000-12-14,8.05,8.6,8.05,8.35,8.3,48497.0,4.08
2000-12-13,10.0,10.0,8.0,8.15,8.2,123470.0,10.65
2000-12-12,8.1,8.25,7.55,7.95,7.95,92802.0,7.41
2000-12-11,8.0,8.5,7.85,8.0,8.0,72093.0,5.85
2000-12-08,7.4,8.0,7.0,7.75,7.8,110371.0,8.46
2000-12-07,7.0,7.35,7.0,7.25,7.25,66159.0,4.74
2000-12-06,6.7,7.25,6.7,7.0,7.0,42069.0,2.99
2000-12-05,6.4,6.75,6.4,6.7,6.7,55827.0,3.71
2000-12-04,6.45,6.55,6.35,6.55,6.5,14501.0,0.94
2000-12-01,6.2,6.45,6.2,6.45,6.4,8910.0,0.57
2000-11-30,6.35,6.65,6.0,6.3,6.25,86910.0,5.33
2000-11-29,6.95,6.95,6.2,6.4,6.3,41300.0,2.7
2000-11-28,7.0,7.0,6.55,6.75,6.75,49705.0,3.36
2000-11-27,5.9,7.0,5.9,7.0,6.95,39601.0,2.66
2000-11-24,6.1,6.5,6.1,6.5,6.5,33338.0,2.14
2000-11-23,6.0,6.1,6.0,6.1,6.1,10000.0,0.6
2000-11-22,6.15,6.25,5.9,6.0,6.0,16400.0,1.0
2000-11-21,6.0,6.35,6.0,6.0,6.05,51950.0,3.16
2000-11-20,6.1,6.1,5.9,6.05,6.05,17501.0,1.04
2000-11-17,6.15,6.25,6.0,6.15,6.05,18317.0,1.11
2000-11-16,6.1,6.25,6.05,6.15,6.15,30476.0,1.88
2000-11-15,6.5,7.5,5.65,5.95,5.95,45202.0,2.99
2000-11-14,5.5,5.65,5.45,5.65,5.65,84049.0,4.66
2000-11-13,5.3,5.7,5.3,5.5,5.5,76502.0,4.23
2000-11-10,5.95,5.95,5.25,5.4,5.3,107351.0,5.78
2000-11-09,5.6,5.75,5.5,5.75,5.75,19500.0,1.1
2000-11-08,5.9,5.9,5.55,5.65,5.65,26050.0,1.49
2000-11-07,5.65,5.75,5.3,5.75,5.4,22853.0,1.25
2000-11-06,5.65,5.65,5.3,5.4,5.4,33300.0,1.84
2000-11-03,5.5,5.7,5.45,5.65,5.65,19350.0,1.07
2000-11-02,5.45,5.7,5.45,5.5,5.5,23712.0,1.31
2000-11-01,5.2,5.35,5.1,5.3,5.3,18200.0,0.96
2000-10-31,5.05,5.35,5.05,5.2,5.2,7225.0,0.38
2000-10-30,5.1,5.4,5.1,5.3,5.3,29600.0,1.55
2000-10-27,4.9,5.5,4.9,5.25,5.2,21890.0,1.13
2000-10-26,5.1,6.25,5.1,5.3,6.0,8855.0,0.48
2000-10-25,5.2,5.25,4.75,5.15,5.15,47600.0,2.35
2000-10-24,5.15,5.15,4.9,5.1,5.1,12425.0,0.63
2000-10-23,4.9,5.2,4.9,5.1,5.1,18450.0,0.93
2000-10-20,4.8,5.15,4.75,4.95,4.95,29265.0,1.44
2000-10-19,4.9,5.1,4.85,4.85,4.9,6900.0,0.34
2000-10-18,5.0,5.2,4.85,4.9,4.9,10201.0,0.5
2000-10-17,4.95,5.0,4.8,4.9,4.9,24076.0,1.18
2000-10-16,6.75,6.75,4.95,4.95,5.0,10546.0,0.53
2000-10-13,5.15,5.15,5.0,5.25,5.05,16025.0,0.81
2000-10-12,5.05,5.25,5.05,5.25,5.25,31450.0,1.62
2000-10-11,5.2,5.3,5.0,5.1,5.05,18781.0,0.96
2000-10-10,5.35,5.35,5.05,5.3,5.2,28255.0,1.46
2000-10-09,5.15,5.4,5.15,5.3,5.3,7100.0,0.38
2000-10-06,5.45,5.5,5.2,5.25,5.25,33700.0,1.79
2000-10-05,5.95,5.95,5.3,5.3,5.35,11525.0,0.63
2000-10-04,5.9,5.9,5.5,5.5,5.5,3100.0,0.17
2000-10-03,5.25,5.6,5.25,5.4,5.4,22299.0,1.21
2000-09-29,5.65,5.65,5.4,5.4,5.5,24403.0,1.36
2000-09-28,6.35,6.35,5.45,5.65,5.6,16101.0,0.89
2000-09-27,5.65,5.8,5.35,5.6,5.45,29501.0,1.63
2000-09-26,5.75,5.75,5.4,5.5,5.5,31328.0,1.73
2000-09-25,6.5,6.5,5.65,5.65,5.65,35726.0,2.06
2000-09-22,6.9,6.9,5.35,5.8,5.8,11204.0,0.64
2000-09-21,6.15,6.15,5.85,5.85,5.85,50100.0,2.96
2000-09-20,6.2,6.2,6.05,6.05,6.1,5937.0,0.36
2000-09-19,5.3,6.3,5.25,6.05,6.0,41290.0,2.44
2000-09-18,6.8,6.8,6.0,6.0,6.0,59382.0,3.62
2000-09-15,6.25,6.25,6.05,6.1,6.1,46850.0,2.87
2000-09-14,6.25,6.4,6.1,6.3,6.25,148902.0,9.25
2000-09-13,6.7,6.7,6.2,6.25,6.25,39500.0,2.5
2000-09-12,6.2,6.4,6.2,6.25,6.3,96450.0,6.03
2000-09-11,6.2,6.5,6.2,6.2,6.25,83435.0,5.33
2000-09-08,6.4,6.5,6.15,6.25,6.25,32702.0,2.04
2000-09-07,6.5,6.55,6.2,6.25,6.25,54300.0,3.43
2000-09-06,6.5,6.7,6.25,6.5,6.5,79301.0,5.12
2000-09-05,6.45,6.6,6.2,6.3,6.25,82481.0,5.18
2000-09-04,6.5,6.5,6.2,6.35,6.35,25300.0,1.59
2000-08-31,6.3,6.4,6.25,6.4,6.4,23175.0,1.47
2000-08-30,7.0,7.0,6.15,6.15,6.15,109110.0,6.91
2000-08-29,6.3,6.55,6.05,6.15,6.2,60376.0,3.79
2000-08-28,6.25,6.4,6.0,6.2,6.15,49001.0,3.02
2000-08-25,6.0,6.35,6.0,6.15,6.15,75577.0,4.66
2000-08-24,6.35,6.35,6.0,6.0,6.0,41600.0,2.5
2000-08-23,6.05,6.5,6.05,6.25,6.25,4055.0,0.26
2000-08-22,6.45,6.5,6.0,6.2,6.05,46354.0,2.84
2000-08-21,6.25,6.35,6.05,6.35,6.25,12407.0,0.77
2000-08-18,6.5,6.55,6.0,6.05,6.0,31600.0,1.96
2000-08-17,6.4,7.0,6.3,6.3,6.3,12775.0,0.82
2000-08-16,6.65,6.7,6.25,6.25,6.25,13011.0,0.85
2000-08-14,6.2,6.9,6.2,6.4,6.4,34229.0,2.23
2000-08-11,5.7,6.9,5.7,6.9,6.55,69532.0,4.46
2000-08-10,5.5,6.45,5.5,5.95,5.95,7610.0,0.46
2000-08-09,7.1,7.1,5.6,6.25,6.1,44106.0,2.63
2000-08-08,5.35,5.95,5.35,5.75,5.6,217670.0,12.03
2000-08-07,5.65,5.65,5.4,5.5,5.5,29500.0,1.62
2000-08-04,5.85,5.85,5.5,5.5,5.55,36200.0,2.02
2000-08-03,5.7,5.85,5.7,5.75,5.8,19199.0,1.11
2000-08-02,6.45,6.45,5.8,5.8,5.8,49701.0,2.92
2000-08-01,5.8,6.0,5.75,6.0,6.0,12925.0,0.77
2000-07-31,5.15,6.3,5.15,5.8,5.8,51129.0,3.05
2000-07-28,6.05,6.35,6.0,6.15,6.25,49255.0,3.01
2000-07-27,6.5,6.5,6.0,6.0,6.0,75440.0,4.65
2000-07-26,6.5,6.7,6.2,6.2,6.25,15593.0,0.99
2000-07-25,6.5,6.5,6.15,6.3,6.35,35432.0,2.23
2000-07-24,6.4,6.55,6.4,6.4,6.4,9030.0,0.59
2000-07-21,6.6,6.9,6.55,6.8,6.7,10627.0,0.71
2000-07-20,6.6,6.9,6.5,6.6,6.55,61400.0,4.04
2000-07-19,7.0,7.0,6.8,6.95,6.95,31300.0,2.14
2000-07-18,6.95,7.0,6.6,6.8,6.75,37493.0,2.52
2000-07-17,7.1,7.25,6.9,7.0,7.0,25586.0,1.8
2000-07-14,7.15,7.2,7.05,7.1,7.1,25105.0,1.78
2000-07-13,7.05,7.4,7.0,7.1,7.15,14298.0,1.02
2000-07-12,6.75,7.2,6.75,7.15,7.15,20702.0,1.44
2000-07-11,7.0,7.0,6.4,6.75,6.75,45351.0,3.05
2000-07-10,6.8,7.0,6.7,6.95,6.95,6604.0,0.46
2000-07-07,6.75,6.85,6.65,6.8,6.8,14914.0,1.0
2000-07-06,6.8,6.85,6.65,6.65,6.65,16101.0,1.09
2000-07-05,6.7,6.85,6.7,6.75,6.75,33603.0,2.28
2000-07-04,6.65,6.8,6.4,6.8,6.7,30302.0,2.03
2000-07-03,6.75,6.95,6.2,6.5,6.5,55604.0,3.64
2000-06-30,6.8,6.95,6.8,6.95,6.95,21290.0,1.46
2000-06-29,6.65,6.8,6.65,6.75,6.75,39325.0,2.65
2000-06-28,7.1,7.2,6.5,6.65,6.6,190511.0,12.74
2000-06-27,6.85,7.15,6.85,7.0,7.0,16900.0,1.18
2000-06-26,7.0,7.15,7.0,7.0,7.0,33021.0,2.32
2000-06-23,7.1,7.4,7.05,7.1,7.1,97960.0,6.98
2000-06-22,7.15,7.35,7.05,7.1,7.1,27100.0,1.94
2000-06-21,7.25,7.3,7.05,7.1,7.05,58551.0,4.17
2000-06-20,7.0,7.35,7.0,7.1,7.1,37700.0,2.68
2000-06-19,7.5,7.55,7.0,7.15,7.15,67552.0,4.92
2000-06-16,7.75,7.8,7.05,7.35,7.35,48490.0,3.58
2000-06-15,7.4,7.65,7.2,7.5,7.5,20210.0,1.51
2000-06-14,7.7,7.85,7.55,7.6,7.6,28310.0,2.16
2000-06-13,7.5,7.75,7.4,7.4,7.45,21200.0,1.6
2000-06-12,7.4,7.8,7.4,7.5,7.5,31450.0,2.36
2000-06-09,8.25,8.25,7.4,7.5,7.5,24226.0,1.83
2000-06-08,8.15,8.5,7.6,7.6,7.65,156240.0,12.2
2000-06-07,7.75,8.0,7.75,7.8,7.8,27100.0,2.13
2000-06-06,8.0,8.2,7.9,8.2,8.2,10750.0,0.86
2000-06-05,8.3,8.3,7.9,7.9,7.9,4800.0,0.39
2000-06-02,8.05,8.1,7.9,7.9,7.9,19066.0,1.52
2000-06-01,8.25,8.25,7.9,8.05,8.05,69791.0,5.52
2000-05-31,8.5,8.5,7.9,8.15,8.15,38300.0,3.08
2000-05-30,8.5,8.5,7.9,8.0,8.0,34910.0,2.83
2000-05-29,8.0,8.4,8.0,8.4,8.4,4300.0,0.35
2000-05-26,8.05,8.75,8.05,8.2,8.25,35200.0,2.94
2000-05-25,8.1,8.3,7.85,8.0,8.0,11820.0,0.95
2000-05-24,8.0,8.0,7.8,7.85,7.9,7700.0,0.61
2000-05-23,7.85,8.1,7.55,8.1,7.85,19220.0,1.49
2000-05-22,7.85,7.9,7.55,7.8,7.8,9000.0,0.7
2000-05-19,8.5,8.5,7.4,7.6,7.6,6800.0,0.52
2000-05-18,7.95,7.95,7.8,7.9,7.9,5900.0,0.47
2000-05-17,7.9,8.2,7.6,7.6,7.9,17050.0,1.35
2000-05-16,7.5,7.85,7.4,7.55,7.75,21800.0,1.67
2000-05-15,7.9,8.0,7.4,7.95,7.9,25033.0,1.92
2000-05-12,8.6,8.85,8.0,8.85,8.7,14200.0,1.19
2000-05-11,9.3,9.4,8.5,8.7,8.6,27750.0,2.46
2000-05-10,10.15,11.45,9.25,10.5,10.2,88074.0,8.86
2000-05-09,8.7,10.35,8.0,9.9,9.85,101850.0,9.09
2000-05-08,7.6,7.7,7.2,7.7,7.6,23808.0,1.77
2000-05-05,6.5,7.2,6.5,7.15,7.0,19200.0,1.32
2000-05-04,6.7,6.75,6.5,6.75,6.75,4900.0,0.33
2000-05-03,5.0,6.8,5.0,6.5,6.45,26600.0,1.72
2000-05-02,6.1,6.75,6.0,6.05,6.05,30700.0,1.9
2000-04-28,6.7,6.7,6.25,6.25,6.25,28700.0,1.83
2000-04-27,6.0,7.0,6.0,6.9,6.9,30300.0,2.02
2000-04-26,6.95,7.0,6.55,6.9,6.9,23500.0,1.6
2000-04-25,6.75,6.75,6.2,6.75,6.75,29900.0,1.95
2000-04-24,6.7,6.75,6.4,6.5,6.5,18400.0,1.21
2000-04-20,7.0,7.0,6.5,6.55,6.7,35300.0,2.34
2000-04-19,7.15,7.25,7.0,7.2,7.2,20100.0,1.43
2000-04-18,7.25,7.5,7.0,7.1,7.15,67000.0,4.82
2000-04-17,6.85,7.1,6.8,7.1,7.1,11600.0,0.81
2000-04-13,7.25,7.35,7.0,7.2,7.2,35800.0,2.54
2000-04-12,7.45,7.5,7.0,7.25,7.25,41200.0,2.94
2000-04-11,7.25,7.45,7.0,7.0,7.05,82900.0,5.92
2000-04-10,8.25,8.4,7.0,7.1,7.2,81700.0,6.1
2000-04-07,7.5,8.0,7.5,7.95,7.85,35300.0,2.76
2000-04-06,7.85,8.1,7.5,7.8,7.8,18100.0,1.4
2000-04-05,7.75,7.9,7.5,7.7,7.7,19200.0,1.48
2000-04-04,7.8,7.85,7.0,7.25,7.15,163600.0,11.85
2000-04-03,8.45,8.5,7.85,8.0,8.0,79100.0,6.4
2000-03-31,8.9,8.9,8.15,8.25,8.35,26000.0,2.19
2000-03-30,8.95,8.95,8.5,8.8,8.8,17800.0,1.55
2000-03-29,8.4,9.25,8.0,8.75,8.75,160200.0,13.95
2000-03-28,8.05,8.4,7.65,8.0,8.05,53600.0,4.34
2000-03-27,8.5,10.0,8.0,8.1,8.25,64600.0,5.58
2000-03-24,8.75,9.45,8.75,9.05,9.05,6400.0,0.58
2000-03-23,9.25,9.75,8.9,9.0,8.95,32400.0,2.96
2000-03-22,9.9,9.9,9.35,9.5,9.5,34400.0,3.3
2000-03-21,9.5,10.0,8.75,8.75,8.85,75200.0,6.92
2000-03-16,10.0,10.0,9.0,9.0,9.05,16300.0,1.53
2000-03-15,8.25,10.5,8.15,10.5,9.75,42600.0,3.85
2000-03-14,8.5,8.9,7.2,8.35,8.55,38300.0,3.23
2000-03-13,8.3,9.0,7.8,8.35,8.15,58200.0,4.9
2000-03-10,7.4,9.75,7.4,9.0,9.0,159400.0,14.37
2000-03-09,8.15,8.45,7.4,8.0,8.0,193700.0,14.58
2000-03-08,10.5,10.5,8.0,8.0,8.0,71700.0,6.14
2000-03-07,9.9,9.9,8.6,9.0,8.95,65500.0,6.06
2000-03-06,10.4,10.5,9.6,10.0,9.85,44000.0,4.39
2000-03-03,10.75,11.15,10.0,10.25,10.25,46300.0,4.79
2000-03-02,12.5,13.0,11.1,11.7,11.45,43500.0,5.25
2000-03-01,12.65,13.0,11.7,12.65,12.6,53300.0,6.56
2000-02-29,15.45,15.45,12.0,12.1,12.55,268400.0,37.54
2000-02-28,10.0,12.5,10.0,12.5,12.5,114600.0,13.03
2000-02-25,10.35,10.35,9.75,10.0,10.0,43500.0,4.35
2000-02-24,11.3,11.3,10.45,10.5,10.55,58400.0,6.27
2000-02-23,11.85,11.9,10.5,10.85,10.75,52700.0,5.89
2000-02-22,12.4,12.4,10.6,10.65,10.75,119200.0,13.33
2000-02-21,12.0,13.0,11.65,11.75,11.8,110200.0,13.41
2000-02-18,12.5,12.5,11.5,11.75,11.75,57800.0,6.8
2000-02-17,12.1,12.45,11.85,12.35,12.05,55800.0,6.72
2000-02-16,12.5,12.95,12.0,12.0,12.0,110700.0,13.59
2000-02-15,12.5,12.9,11.9,12.2,12.2,357100.0,43.76
2000-02-14,12.3,13.9,12.1,12.35,12.35,54900.0,7.1
2000-02-11,15.0,15.0,13.5,13.5,13.6,70500.0,9.69
2000-02-10,14.5,15.0,14.0,14.2,14.2,164100.0,23.67
2000-02-09,12.5,14.65,12.5,14.65,14.4,191300.0,27.32
2000-02-08,11.9,12.7,11.45,11.5,11.7,176400.0,21.18
2000-02-07,11.8,12.8,11.2,11.5,11.6,155500.0,18.22
2000-02-04,11.0,12.1,10.5,11.0,11.0,135700.0,15.04
2000-02-03,10.25,12.4,10.25,10.5,10.65,89200.0,9.96
2000-02-02,11.0,11.4,10.0,10.0,10.15,119900.0,12.7
2000-02-01,10.0,10.7,9.5,10.5,10.45,53600.0,5.42
2000-01-31,11.25,11.5,10.0,10.0,10.15,89200.0,9.43
2000-01-28,13.0,13.0,11.0,11.0,11.0,115200.0,12.85
2000-01-27,13.95,13.95,11.85,12.0,12.0,37700.0,4.62
2000-01-25,12.4,12.75,11.5,11.9,12.25,57700.0,7.07
2000-01-24,13.0,13.15,12.5,12.85,12.85,22900.0,2.92
2000-01-21,13.25,13.5,12.95,13.0,13.0,26100.0,3.41
2000-01-20,14.2,14.35,13.3,13.5,13.5,20800.0,2.88
2000-01-19,13.25,14.25,13.25,13.75,13.75,21500.0,2.96
2000-01-18,13.95,13.95,12.75,13.0,12.95,45000.0,5.86
2000-01-17,15.65,15.65,13.05,13.65,13.65,52400.0,7.31
2000-01-14,14.0,14.8,14.0,14.5,14.5,9500.0,1.36
2000-01-13,15.5,15.5,14.5,14.8,14.8,24500.0,3.67
2000-01-12,15.5,15.95,14.4,14.85,14.85,32600.0,4.89
2000-01-11,15.6,15.6,14.85,15.2,15.15,34800.0,5.25
2000-01-10,16.45,16.5,15.3,15.6,15.65,34300.0,5.47
2000-01-07,14.5,15.75,14.1,15.5,15.25,19000.0,2.88
2000-01-06,16.25,16.25,15.25,15.25,15.25,39900.0,6.28
2000-01-05,15.5,16.4,15.0,15.95,15.05,49200.0,7.73
2000-01-04,17.8,17.85,15.5,15.8,15.9,51200.0,8.38
2000-01-03,17.5,17.75,16.9,17.05,17.0,41900.0,7.25
1999-12-30,15.6,15.65,14.95,15.0,15.0,48600.0,7.35
1999-12-29,16.35,16.6,14.75,15.35,15.1,50600.0,7.8
1999-12-28,16.45,16.5,15.3,15.8,15.8,33600.0,5.28
1999-12-27,15.25,16.6,15.05,15.15,15.45,17700.0,2.8
1999-12-24,18.5,18.5,15.6,16.0,16.0,43700.0,7.06
1999-12-23,18.1,18.1,17.1,17.25,17.2,20700.0,3.65
1999-12-22,18.9,18.9,16.8,18.0,17.9,95600.0,16.67
1999-12-21,19.25,19.25,17.0,17.5,17.55,68800.0,12.04
1999-12-20,20.9,20.9,18.0,18.55,18.5,66000.0,12.31
1999-12-17,19.4,19.45,17.8,18.0,18.2,58800.0,10.94
1999-12-16,18.75,20.0,18.5,19.2,19.05,46500.0,9.02
1999-12-15,19.0,19.0,18.1,18.5,18.4,36200.0,6.7
1999-12-14,18.5,20.0,18.05,18.85,18.65,43300.0,8.24
1999-12-13,20.7,21.5,18.3,18.3,18.65,50300.0,10.09
1999-12-10,18.9,20.7,18.5,19.4,19.05,75500.0,14.93
1999-12-09,18.2,18.25,17.4,17.85,17.75,22900.0,4.07
1999-12-08,17.5,18.4,17.1,17.55,17.5,60900.0,10.67
1999-12-07,16.75,17.25,16.0,16.5,16.45,49400.0,8.22
1999-12-06,14.0,16.7,13.75,16.25,16.25,33400.0,5.37
1999-12-03,17.5,17.5,16.0,16.4,16.4,67000.0,10.94
1999-12-02,16.0,17.9,16.0,16.5,16.75,22100.0,3.78
1999-12-01,18.3,18.3,17.25,17.5,17.5,14100.0,2.47
1999-11-30,17.25,17.75,16.5,17.05,17.1,32700.0,5.59
1999-11-29,17.75,18.2,17.5,17.5,17.5,38300.0,6.76
1999-11-26,19.0,19.05,17.95,18.0,18.0,15100.0,2.75
1999-11-25,18.3,18.3,17.9,18.1,18.05,34200.0,6.19
1999-11-24,18.0,19.0,18.0,18.2,18.2,31100.0,5.77
1999-11-22,17.6,18.0,17.1,17.75,17.5,23100.0,4.07
1999-11-19,18.9,18.9,17.6,18.0,17.95,20100.0,3.62
1999-11-18,18.0,18.2,17.3,18.0,18.0,10600.0,1.91
1999-11-17,17.9,18.75,17.5,17.6,17.6,34900.0,6.34
1999-11-16,18.0,18.0,17.0,17.0,17.05,47600.0,8.26
1999-11-15,18.75,18.75,17.5,18.1,18.15,15600.0,2.86
1999-11-12,20.4,20.5,18.65,19.0,19.0,26600.0,5.15
1999-11-11,20.25,20.8,20.0,20.0,20.05,12700.0,2.57
1999-11-10,20.4,21.0,20.25,21.0,20.95,7300.0,1.52
1999-11-09,19.9,20.0,19.15,19.55,19.8,35600.0,6.96
1999-11-07,20.55,21.9,20.3,20.5,20.7,24100.0,5.0
1999-11-05,19.75,20.65,19.4,19.95,19.95,22800.0,4.5
1999-11-04,20.05,20.3,19.2,20.0,19.95,28700.0,5.7
1999-11-03,21.0,22.0,19.55,20.1,20.25,77600.0,16.01
1999-11-02,16.3,21.85,16.3,21.15,21.25,137100.0,28.14
1999-11-01,20.25,20.25,19.75,19.75,19.75,41600.0,8.28
1999-10-29,21.45,22.75,21.45,21.45,21.45,69100.0,14.85
1999-10-28,23.3,23.3,23.3,23.3,23.3,20700.0,4.82
1999-10-27,26.0,28.0,25.3,25.3,25.3,186200.0,47.79
1999-10-26,29.0,29.5,27.0,28.0,27.5,199900.0,55.54
1999-10-25,31.6,31.6,27.0,28.0,28.1,291200.0,84.53
1999-10-23,28.5,29.6,27.55,29.5,29.3,111600.0,32.16
1999-10-22,27.5,28.7,24.6,28.1,27.7,494200.0,137.63
1999-10-21,26.85,26.85,25.0,26.5,26.55,494100.0,132.5
1999-10-20,24.85,24.85,24.85,24.85,24.85,116100.0,28.85
1999-10-18,22.5,23.0,20.0,23.0,23.0,391000.0,89.46
1999-10-15,24.0,24.0,21.25,21.25,21.3,75500.0,16.3
1999-10-14,23.8,24.15,22.9,22.9,23.05,192700.0,45.27
1999-10-13,24.0,24.9,22.4,23.0,23.05,294500.0,68.53
1999-10-12,24.5,25.4,23.5,24.1,24.35,350500.0,85.51
1999-10-11,24.25,24.6,23.3,24.25,24.15,631800.0,153.91
1999-10-08,18.9,22.75,18.05,22.75,22.75,822400.0,180.69
1999-10-07,16.8,18.5,16.0,18.35,18.2,349000.0,62.32
1999-10-06,15.9,17.25,15.0,15.0,15.1,103100.0,17.0
1999-10-05,15.45,15.45,13.5,14.5,14.35,92200.0,13.32
1999-10-04,16.0,17.0,15.0,15.0,15.05,36800.0,5.69
1999-10-01,16.4,17.5,16.4,16.5,16.65,189200.0,31.87
1999-09-30,16.3,18.5,15.8,17.0,16.9,427300.0,74.45
1999-09-29,13.75,16.2,13.75,15.0,15.5,227000.0,34.55
1999-09-28,14.0,14.0,12.5,13.35,13.6,48500.0,6.46
1999-09-27,11.5,13.85,11.5,13.0,13.15,50900.0,6.82
1999-09-24,13.7,13.85,12.25,12.9,12.9,37600.0,4.87
1999-09-23,12.5,13.5,12.0,13.45,13.45,46800.0,6.13
1999-09-22,14.2,14.2,12.6,12.6,12.75,21900.0,2.93
1999-09-21,14.15,14.3,13.55,14.0,13.7,28800.0,3.97
1999-09-20,14.9,15.2,14.25,14.3,14.25,39500.0,5.81
1999-09-17,15.0,15.0,14.25,14.7,14.6,28400.0,4.12
1999-09-16,14.8,14.8,13.6,14.7,14.55,61400.0,8.78
1999-09-15,14.9,14.9,14.0,14.0,14.2,170700.0,24.71
1999-09-14,15.5,15.55,13.8,14.25,14.15,197700.0,28.6
1999-09-10,15.4,17.0,15.3,15.8,16.0,283500.0,46.42
1999-09-09,14.25,16.4,14.0,15.25,15.75,311500.0,46.86
1999-09-08,13.0,14.0,12.6,13.75,13.85,167400.0,22.02
1999-09-07,13.25,13.4,12.25,12.85,12.7,42600.0,5.41
1999-09-06,13.75,13.75,13.0,13.0,13.0,37800.0,5.02
1999-09-03,13.4,13.6,13.0,13.5,13.4,41400.0,5.54
1999-09-02,12.4,13.5,12.4,13.3,13.25,62700.0,8.27
1999-09-01,13.2,14.0,12.5,12.75,12.75,206400.0,27.29
1999-08-31,12.1,13.5,12.1,13.25,13.25,47100.0,6.06
1999-08-30,13.55,13.55,12.1,12.65,12.5,285200.0,35.47
1999-08-27,14.5,14.5,12.3,12.5,12.4,61000.0,7.94
1999-08-26,15.9,16.0,13.6,14.0,13.95,163400.0,23.02
1999-08-25,17.0,18.0,14.0,14.3,14.2,223600.0,33.83
1999-08-24,14.5,17.5,13.25,17.0,17.1,294300.0,46.85
1999-08-23,12.5,14.85,12.4,13.9,14.0,225100.0,31.66
1999-08-20,10.7,12.9,10.15,11.75,11.85,215700.0,25.41
1999-08-19,8.5,10.7,7.75,10.5,9.45,122800.0,11.23
1999-08-18,10.0,10.0,8.5,8.75,8.8,97100.0,8.96
1999-08-17,7.5,8.4,7.35,8.1,8.15,31600.0,2.47
1999-08-16,7.6,7.7,7.4,7.6,7.65,13500.0,1.02
1999-08-13,7.35,7.6,7.35,7.6,7.55,6100.0,0.46
1999-08-12,7.35,7.55,7.3,7.3,7.35,6600.0,0.48
1999-08-11,7.6,7.6,7.45,7.45,7.45,4100.0,0.31
1999-08-10,7.25,7.9,7.1,7.55,7.55,2500.0,0.19
1999-08-09,7.05,7.1,7.05,7.1,7.1,900.0,0.06
1999-08-06,7.25,7.25,7.25,7.25,7.25,500.0,0.04
1999-08-04,7.2,7.2,7.2,7.2,7.2,1000.0,0.07
1999-08-03,7.6,7.6,7.0,7.3,7.3,8100.0,0.59
1999-08-02,8.0,8.05,7.75,7.75,7.75,3600.0,0.29
1999-07-30,7.45,7.45,7.45,7.45,7.45,1000.0,0.07
1999-07-29,7.9,7.9,7.9,7.9,7.9,400.0,0.03
1999-07-28,7.9,8.0,7.75,7.75,7.75,3100.0,0.24
1999-07-27,7.9,8.0,7.55,7.75,7.75,14100.0,1.12
1999-07-26,8.0,8.0,8.0,8.0,8.0,200.0,0.02
1999-07-23,8.0,8.0,7.75,8.0,8.0,1300.0,0.1
1999-07-22,8.0,8.2,8.0,8.0,8.0,3700.0,0.3
1999-07-21,8.0,8.0,8.0,8.0,8.0,500.0,0.04
1999-07-20,8.05,8.5,8.0,8.45,8.45,4200.0,0.34
1999-07-19,7.75,8.4,7.75,8.0,8.0,900.0,0.07
1999-07-16,8.2,8.2,8.2,8.2,8.2,800.0,0.06
1999-07-15,8.9,9.0,8.0,8.0,8.05,25300.0,2.16
1999-07-14,8.95,8.95,8.5,8.9,8.9,4500.0,0.39
1999-07-13,8.15,9.0,8.15,8.6,8.65,21600.0,1.85
1999-07-12,8.9,10.0,8.6,9.15,9.5,51200.0,4.83
1999-07-09,8.15,9.05,7.85,8.7,8.7,44000.0,3.79
1999-07-08,7.5,8.2,7.5,8.2,8.15,8600.0,0.68
1999-07-07,9.0,9.0,7.5,7.5,7.55,4500.0,0.34
1999-07-06,7.15,7.75,7.15,7.75,7.5,9400.0,0.7
1999-07-05,7.25,7.35,7.2,7.2,7.2,1000.0,0.07
1999-07-02,7.0,7.2,7.0,7.05,7.05,8600.0,0.61
1999-07-01,7.0,7.0,7.0,7.0,7.0,2200.0,0.15
1999-06-30,6.9,7.0,6.85,7.0,7.0,3300.0,0.23
1999-06-29,6.55,7.5,6.55,6.65,6.8,11800.0,0.83
1999-06-28,6.35,6.55,6.25,6.55,6.55,2500.0,0.16
1999-06-25,6.65,6.65,6.45,6.45,6.45,2800.0,0.19
1999-06-24,6.6,6.6,6.4,6.4,6.4,2200.0,0.14
1999-06-23,6.4,6.5,6.25,6.5,6.5,2800.0,0.18
1999-06-22,6.4,6.4,6.0,6.1,6.1,3600.0,0.22
1999-06-21,6.4,6.4,6.4,6.4,6.4,100.0,0.01
1999-06-17,6.05,6.25,6.05,6.25,6.25,400.0,0.02
1999-06-16,5.75,6.0,5.75,6.0,6.0,1300.0,0.08
1999-06-15,6.05,6.1,5.8,5.8,5.85,13300.0,0.8
1999-06-14,6.2,6.25,6.0,6.2,6.0,4300.0,0.26
1999-06-11,6.25,6.35,6.25,6.35,6.35,700.0,0.04
1999-06-10,6.5,6.5,6.35,6.35,6.35,10700.0,0.69
1999-06-09,6.3,6.3,6.3,6.3,6.3,600.0,0.04
1999-06-08,6.25,6.4,6.25,6.25,6.25,2500.0,0.16
1999-06-07,6.35,6.35,6.1,6.2,6.2,2900.0,0.18
1999-06-04,6.3,6.3,6.1,6.15,6.15,1000.0,0.06
1999-06-02,6.4,6.45,6.4,6.45,6.45,500.0,0.03
1999-06-01,6.5,6.5,6.2,6.2,6.2,2400.0,0.15
1999-05-31,6.1,6.15,6.0,6.1,6.1,20700.0,1.24
1999-05-27,6.2,6.5,6.2,6.2,6.2,2300.0,0.14
1999-05-25,6.7,7.0,6.5,6.5,6.5,1900.0,0.13
1999-05-21,7.0,7.0,6.65,6.65,6.65,2200.0,0.15
1999-05-20,7.5,7.5,7.2,7.2,7.2,16100.0,1.18
1999-05-19,7.0,7.8,6.7,7.65,7.65,25500.0,1.87
1999-05-18,6.5,6.75,6.35,6.6,6.6,1600.0,0.11
1999-05-17,6.5,6.5,6.5,6.5,6.5,1000.0,0.06
1999-05-14,6.35,6.7,6.3,6.3,6.3,4400.0,0.29
1999-05-13,6.3,6.7,6.25,6.3,6.3,6300.0,0.4
1999-05-12,5.2,6.6,5.15,6.6,6.6,5600.0,0.29
1999-05-11,6.5,6.9,6.5,6.9,6.9,1300.0,0.09
1999-05-10,6.5,6.85,6.5,6.85,6.85,1500.0,0.1
1999-05-07,6.75,6.9,6.75,6.9,6.9,3000.0,0.2
1999-05-06,6.5,6.95,6.5,6.8,6.8,6300.0,0.43
1999-05-05,6.3,6.3,6.3,6.3,6.3,200.0,0.01
1999-05-04,6.75,6.75,6.15,6.55,6.55,2100.0,0.13
1999-05-03,6.5,6.7,6.35,6.35,6.35,4300.0,0.28
1999-04-30,6.6,6.6,6.05,6.5,6.5,7200.0,0.46
1999-04-29,6.5,6.5,6.5,6.5,6.5,1500.0,0.1
1999-04-28,6.55,6.6,6.3,6.6,6.6,1400.0,0.09
1999-04-26,6.25,6.65,6.1,6.5,6.5,1700.0,0.11
1999-04-21,6.95,7.0,6.55,6.7,6.7,3500.0,0.24
1999-04-20,6.3,6.7,6.25,6.7,6.7,1800.0,0.12
1999-04-17,6.35,6.35,6.35,6.35,6.35,1000.0,0.06
1999-04-16,6.7,7.0,6.7,7.0,7.0,4000.0,0.27
1999-04-15,6.5,6.65,6.3,6.3,6.3,3100.0,0.2
1999-04-13,6.4,6.6,6.35,6.4,6.4,8000.0,0.51
1999-04-12,6.45,6.45,6.2,6.45,6.45,1700.0,0.11
1999-04-09,7.0,7.0,6.0,6.0,6.0,52100.0,3.21
1999-04-08,7.0,7.0,7.0,7.0,7.0,100.0,0.01
1999-04-07,6.5,6.75,6.5,6.75,6.75,6000.0,0.4
1999-04-06,6.25,6.25,6.05,6.05,6.05,30100.0,1.85
1999-04-05,6.9,6.9,6.0,6.55,6.55,35400.0,2.19
1999-04-01,6.5,7.0,6.5,7.0,7.0,14700.0,0.96
1999-03-31,7.75,7.75,6.6,6.8,6.8,40900.0,2.78
1999-03-30,7.0,8.3,6.0,6.7,6.7,150400.0,9.11
1999-03-26,8.25,8.25,8.15,8.15,8.15,2200.0,0.18
1999-03-25,8.8,9.0,8.8,9.0,9.0,1400.0,0.12
1999-03-24,8.2,9.0,8.0,8.65,8.65,8600.0,0.74
1999-03-23,7.4,7.95,7.4,7.55,7.55,7900.0,0.61
1999-03-22,7.95,8.0,7.55,7.65,7.65,1500.0,0.12
1999-03-20,7.7,7.8,7.7,7.75,7.75,3900.0,0.3
1999-03-19,7.2,7.5,7.0,7.0,7.0,11900.0,0.84
1999-03-18,7.0,7.1,6.95,7.1,7.1,7500.0,0.53
1999-03-17,7.0,7.0,7.0,7.0,7.0,3600.0,0.25
1999-03-16,7.0,7.15,6.6,7.0,7.0,6900.0,0.48
1999-03-15,6.3,7.4,6.3,7.3,7.3,2100.0,0.15
1999-03-12,7.05,7.05,7.05,7.05,7.05,300.0,0.02
1999-03-11,7.25,7.5,7.25,7.25,7.25,2100.0,0.16
1999-03-10,7.5,7.5,7.5,7.5,7.5,1500.0,0.11
1999-03-09,6.65,7.25,6.6,7.25,7.25,1500.0,0.1
1999-03-08,7.3,7.75,7.3,7.55,7.55,20800.0,1.56
1999-03-05,7.2,7.25,7.2,7.25,7.25,700.0,0.05
1999-03-04,7.25,7.25,7.15,7.15,7.15,2100.0,0.15
1999-03-03,7.25,7.3,7.25,7.3,7.3,3800.0,0.28
1999-03-01,7.5,7.5,7.0,7.0,7.0,11900.0,0.83
1999-02-27,8.0,8.0,8.0,8.0,8.0,1100.0,0.09
1999-02-26,7.7,7.7,7.7,7.7,7.7,100.0,0.01
1999-02-25,7.5,7.75,7.5,7.75,7.75,400.0,0.03
1999-02-24,9.7,9.7,9.7,9.7,9.7,100.0,0.01
1999-02-23,7.05,7.1,7.0,7.05,7.05,11100.0,0.78
1999-02-22,7.05,7.25,7.05,7.25,7.25,300.0,0.02
1999-02-19,8.0,8.0,7.15,7.15,7.15,500.0,0.04
1999-02-18,6.95,7.2,6.5,6.9,6.9,38600.0,2.67
1999-02-17,7.25,7.25,7.25,7.25,7.25,1200.0,0.09
1999-02-16,6.5,6.6,6.5,6.6,6.6,1200.0,0.08
1999-02-15,6.6,7.1,6.4,7.05,7.05,800.0,0.05
1999-02-12,6.75,7.4,6.7,7.4,7.4,4000.0,0.27
1999-02-11,7.4,7.4,6.45,6.65,6.65,3700.0,0.26
1999-02-09,7.2,7.2,7.1,7.1,7.1,1400.0,0.1
1999-02-04,7.75,7.75,7.7,7.7,7.7,500.0,0.04
1999-02-03,8.2,8.2,8.2,8.2,8.2,100.0,0.01
1999-02-02,7.0,8.1,7.0,7.75,7.75,3000.0,0.23
1999-02-01,8.1,8.15,8.1,8.15,8.15,3700.0,0.3
1999-01-28,8.5,8.6,7.75,8.3,8.3,3900.0,0.33
1999-01-27,9.0,9.0,8.35,8.35,8.35,3800.0,0.34
1999-01-25,8.6,9.0,8.0,8.75,8.75,3400.0,0.29
1999-01-22,9.2,9.25,8.75,8.75,8.75,1500.0,0.13
1999-01-21,9.0,9.5,8.75,9.5,9.5,1000.0,0.09
1999-01-19,8.95,9.0,8.4,8.4,8.4,1700.0,0.14
1999-01-18,8.1,9.4,8.1,9.4,9.4,1500.0,0.13
1999-01-15,8.3,8.3,8.3,8.3,8.3,1000.0,0.08
1999-01-14,8.35,8.6,8.35,8.6,8.6,2800.0,0.24
1999-01-13,11.0,11.0,9.0,9.1,9.1,14300.0,1.33
1999-01-12,9.2,9.5,8.75,9.0,9.0,10300.0,0.94
1999-01-11,9.7,10.25,8.6,9.25,9.25,19900.0,1.84
1999-01-08,8.0,8.0,7.95,8.0,8.0,8700.0,0.7
1999-01-07,8.0,8.0,7.95,8.0,8.0,2000.0,0.16
1999-01-06,8.0,8.0,7.7,8.0,8.0,5400.0,0.43
1999-01-05,7.4,8.0,7.4,8.0,8.0,1900.0,0.15
1999-01-04,8.2,8.2,7.8,8.0,8.0,1400.0,0.11
1999-01-01,8.0,8.0,8.0,8.0,8.0,100.0,0.01
1998-12-31,8.0,8.0,8.0,8.0,8.0,1600.0,0.13
1998-12-30,8.05,8.1,8.0,8.0,8.0,6100.0,0.49
1998-12-29,7.6,7.95,7.6,7.95,7.95,1500.0,0.12
1998-12-28,7.45,7.45,7.45,7.45,7.45,500.0,0.04
1998-12-23,7.75,7.75,7.65,7.65,7.65,1000.0,0.08
1998-12-22,7.5,7.5,7.2,7.5,7.5,1400.0,0.1
1998-12-21,7.5,7.7,7.5,7.7,7.7,700.0,0.05
1998-12-18,7.3,7.5,7.3,7.5,7.5,2300.0,0.17
1998-12-17,7.95,7.95,7.75,7.85,7.85,3600.0,0.28
1998-12-16,7.5,7.5,7.5,7.5,7.5,500.0,0.04
1998-12-15,7.2,7.95,7.2,7.55,7.55,3900.0,0.3
1998-12-14,7.1,7.4,7.1,7.3,7.3,1800.0,0.13
1998-12-11,7.0,7.2,6.95,6.95,6.95,3300.0,0.23
1998-12-10,7.0,7.0,6.95,6.95,6.95,5100.0,0.36
1998-12-08,7.2,7.4,7.2,7.2,7.2,700.0,0.05
1998-12-07,7.0,7.8,7.0,7.25,7.25,1000.0,0.08
1998-12-04,6.95,6.95,6.95,6.95,6.95,2900.0,0.2
1998-12-03,7.2,10.25,7.0,7.0,7.0,1200.0,0.09
1998-12-02,7.0,7.0,7.0,7.0,7.0,500.0,0.04
1998-12-01,6.6,7.0,6.6,7.0,7.0,6200.0,0.43
1998-11-30,6.5,6.75,6.5,6.65,6.65,3000.0,0.2
1998-11-28,6.75,6.75,6.4,6.4,6.4,900.0,0.06
1998-11-27,7.0,7.0,6.5,6.5,6.5,16000.0,1.05
1998-11-26,8.0,8.0,6.5,6.5,6.5,15200.0,1.02
1998-11-24,6.95,7.0,6.75,6.75,6.75,7200.0,0.5
1998-11-23,6.8,6.8,6.6,6.65,6.65,23500.0,1.56
1998-11-21,6.9,6.9,6.9,6.9,6.9,200.0,0.01
1998-11-20,7.0,7.25,6.65,6.65,6.65,8200.0,0.55
1998-11-19,7.0,7.3,6.6,6.6,6.6,34100.0,2.31
1998-11-18,7.0,7.0,6.65,6.65,6.65,5600.0,0.38
1998-11-17,7.1,7.1,6.5,6.5,6.5,3000.0,0.2
1998-11-16,7.4,7.4,6.4,6.4,6.45,8200.0,0.55
1998-11-13,8.0,8.0,6.6,6.85,6.75,21300.0,1.46
1998-11-12,7.9,8.0,7.9,7.9,7.9,700.0,0.06
1998-11-11,7.85,8.0,7.8,8.0,8.0,2700.0,0.22
1998-11-10,8.1,8.1,8.0,8.0,8.0,1400.0,0.11
1998-11-09,8.25,8.25,8.0,8.0,8.0,1000.0,0.08
1998-11-06,8.75,8.75,8.75,8.75,8.75,500.0,0.04
1998-11-05,8.8,8.9,8.4,8.4,8.4,400.0,0.03
1998-11-03,8.0,8.45,8.0,8.0,8.1,2100.0,0.17
1998-11-02,8.2,8.2,8.2,8.2,8.2,500.0,0.04
1998-10-30,8.25,8.25,8.25,8.25,8.25,100.0,0.01
1998-10-28,8.15,9.0,8.0,8.0,8.0,2500.0,0.21
1998-10-27,8.0,8.0,8.0,8.0,8.0,200.0,0.02
1998-10-26,8.05,8.05,8.05,8.05,8.05,500.0,0.04
1998-10-20,8.0,8.0,8.0,8.0,8.0,500.0,0.04
1998-10-14,8.75,8.75,8.75,8.75,8.75,300.0,0.03
1998-10-12,9.0,9.0,9.0,9.0,9.0,2500.0,0.22
1998-10-09,9.0,9.0,8.75,8.75,8.75,600.0,0.05
1998-10-07,8.9,8.9,8.9,8.9,8.9,100.0,0.01
1998-10-06,8.5,8.5,8.0,8.0,8.05,2500.0,0.2
1998-09-29,10.0,10.0,8.0,8.95,8.3,1600.0,0.15
1998-09-28,9.7,10.0,9.25,10.0,10.0,1600.0,0.16
1998-09-25,8.5,10.0,8.5,9.15,9.15,4700.0,0.43
1998-09-23,8.5,8.5,8.0,8.0,8.0,600.0,0.05
1998-09-22,8.4,8.4,8.0,8.4,8.35,1200.0,0.1
1998-09-21,8.35,8.5,8.35,8.5,8.5,900.0,0.08
1998-09-18,8.0,8.0,7.95,7.95,7.95,700.0,0.06
1998-09-17,8.0,8.1,8.0,8.1,8.1,200.0,0.02
1998-09-15,7.25,8.35,7.15,8.35,8.35,3700.0,0.29
1998-09-14,8.45,8.45,8.0,8.0,8.0,900.0,0.07
1998-09-10,8.2,8.2,8.2,8.2,8.2,300.0,0.02
1998-09-09,8.5,8.5,7.25,7.25,7.25,2400.0,0.19
1998-09-08,8.0,8.5,8.0,8.5,8.5,1200.0,0.1
1998-09-07,8.25,8.25,8.0,8.0,8.0,200.0,0.02
1998-09-03,8.0,8.15,8.0,8.15,8.15,600.0,0.05
1998-09-02,8.25,8.25,8.25,8.25,8.25,100.0,0.01
1998-09-01,8.0,8.25,7.55,8.25,8.25,800.0,0.07
1998-08-31,8.25,8.25,8.25,8.25,8.25,100.0,0.01
1998-08-28,9.0,9.0,9.0,9.0,9.0,500.0,0.04
1998-08-27,9.2,9.2,9.0,9.0,9.0,900.0,0.08
1998-08-25,9.9,9.9,9.75,9.75,9.75,300.0,0.03
1998-08-24,9.0,9.0,9.0,9.0,9.0,100.0,0.01
1998-08-21,8.0,8.0,8.0,8.0,8.0,100.0,0.01
1998-08-18,7.05,7.3,7.0,7.0,7.05,6200.0,0.44
1998-08-17,7.35,7.35,7.1,7.1,7.1,500.0,0.04
1998-08-14,8.25,8.25,7.5,7.85,7.85,12100.0,0.93
1998-08-13,8.5,8.5,6.8,7.45,7.45,1300.0,0.1
1998-08-12,7.05,7.05,7.05,7.05,7.05,300.0,0.02
1998-08-11,7.05,7.75,6.6,6.6,6.65,9800.0,0.69
1998-08-10,7.85,7.95,7.65,7.75,7.75,2100.0,0.16
1998-08-07,7.85,7.95,7.75,7.95,7.95,3600.0,0.28
1998-08-06,7.8,8.0,7.8,8.0,8.0,600.0,0.05
1998-08-05,5.5,8.0,5.5,8.0,8.0,2300.0,0.17
1998-08-04,8.1,8.15,7.8,7.95,7.95,10300.0,0.82
1998-08-03,8.2,8.25,7.8,8.2,8.2,2000.0,0.16
1998-07-31,8.0,8.1,7.9,8.1,8.1,2000.0,0.16
1998-07-30,7.0,11.4,7.0,8.0,8.0,800.0,0.06
1998-07-28,6.5,6.75,6.5,6.75,6.75,1700.0,0.11
1998-07-27,6.9,6.9,6.6,6.6,6.6,300.0,0.02
1998-07-24,6.15,6.7,6.15,6.7,6.7,300.0,0.02
1998-07-23,7.0,7.0,7.0,7.0,7.0,700.0,0.05
1998-07-22,7.95,7.95,7.0,7.0,7.0,1700.0,0.12
1998-07-21,7.1,7.15,7.1,7.15,7.15,600.0,0.04
1998-07-20,7.6,7.6,6.85,7.4,7.4,2600.0,0.19
1998-07-17,8.0,8.0,7.3,7.8,7.8,2700.0,0.21
1998-07-16,7.25,7.8,7.25,7.75,7.75,1600.0,0.12
1998-07-15,7.8,8.2,7.8,8.0,8.0,3200.0,0.26
1998-07-14,8.0,8.6,7.75,7.75,7.8,3000.0,0.25
1998-07-09,8.75,8.75,8.55,8.7,8.7,800.0,0.07
1998-07-08,8.5,8.5,8.35,8.35,8.35,2300.0,0.19
1998-07-07,9.0,9.0,8.75,8.75,8.85,500.0,0.04
1998-07-03,9.25,9.25,8.35,8.35,8.4,2800.0,0.24
1998-07-02,8.6,8.75,8.6,8.75,8.75,1000.0,0.09
1998-07-01,8.55,8.55,8.55,8.55,8.55,500.0,0.04
1998-06-30,8.3,10.45,8.3,9.0,9.0,4300.0,0.39
1998-06-29,9.2,9.3,9.2,9.3,9.25,900.0,0.08
1998-06-26,9.1,9.1,9.0,9.0,9.0,1200.0,0.11
1998-06-25,9.0,9.25,9.0,9.05,9.05,1600.0,0.15
1998-06-24,9.85,10.2,8.0,10.2,10.2,4200.0,0.41
1998-06-23,9.45,9.9,8.2,9.9,9.65,3500.0,0.33
1998-06-22,0.15,12.5,0.15,9.0,9.0,3900.0,0.37
1998-06-19,9.0,9.1,9.0,9.1,9.1,200.0,0.02
1998-06-18,10.5,10.5,8.55,9.25,9.25,800.0,0.08
1998-06-17,8.25,10.1,8.0,10.0,10.0,15100.0,1.29
1998-06-16,8.25,8.5,7.65,8.5,8.45,3300.0,0.27
1998-06-15,8.55,9.0,8.25,8.25,8.35,2700.0,0.23
1998-06-12,8.6,9.6,8.5,9.6,9.6,4800.0,0.44
1998-06-11,8.1,9.0,8.1,9.0,9.0,2100.0,0.19
1998-06-10,9.25,9.3,9.25,9.25,9.3,1300.0,0.12
1998-06-09,9.7,10.2,9.25,9.25,9.25,2600.0,0.25
1998-06-08,10.15,10.15,10.0,10.0,10.0,1000.0,0.1
1998-06-05,12.15,12.15,10.3,10.95,10.95,1600.0,0.18
1998-06-04,11.8,11.8,11.25,11.25,11.25,300.0,0.03
1998-06-03,12.0,12.0,11.25,11.25,11.25,6000.0,0.69
1998-06-02,12.5,12.5,11.7,12.0,12.0,7600.0,0.91
1998-06-01,12.0,13.0,12.0,13.0,13.0,22300.0,2.84
1998-05-29,11.0,11.8,11.0,11.8,11.8,5000.0,0.57
1998-05-28,11.6,11.9,11.6,11.8,11.75,3000.0,0.35
1998-05-27,11.75,11.95,11.5,11.9,11.85,5300.0,0.62
1998-05-26,11.75,11.75,11.05,11.3,11.3,6500.0,0.75
1998-05-25,12.25,12.25,11.7,11.7,11.7,700.0,0.08
1998-05-22,12.0,12.0,11.5,11.8,11.8,1700.0,0.2
1998-05-21,12.4,12.4,11.8,11.8,11.8,5300.0,0.64
1998-05-20,12.5,12.5,11.75,12.3,12.3,9200.0,1.11
1998-05-19,12.0,12.25,11.5,11.5,11.5,7200.0,0.85
1998-05-18,12.25,12.5,12.0,12.2,12.1,4200.0,0.51
1998-05-15,12.25,12.25,11.5,11.85,11.75,3600.0,0.43
1998-05-14,10.5,12.0,10.5,12.0,12.0,6000.0,0.68
1998-05-13,12.75,12.75,11.0,11.0,11.05,12300.0,1.44
1998-05-12,13.25,13.25,12.05,12.05,12.1,22800.0,2.76
1998-05-11,13.05,13.55,13.0,13.35,13.35,10900.0,1.45
1998-05-08,14.45,14.45,13.4,13.4,13.6,48800.0,6.84
1998-05-06,12.8,13.1,12.1,13.1,13.1,61300.0,8.0
1998-05-05,12.0,12.5,11.75,12.0,11.9,14000.0,1.7
1998-05-04,10.95,11.5,10.95,11.5,11.5,1600.0,0.18
1998-04-30,11.0,11.0,11.0,11.0,11.0,100.0,0.01
1998-04-29,10.95,11.0,10.7,10.75,10.75,5000.0,0.55
1998-04-28,10.6,10.6,10.25,10.5,10.45,6300.0,0.66
1998-04-27,10.0,11.0,10.0,10.7,10.7,4300.0,0.46
1998-04-24,10.7,10.9,9.7,10.9,10.8,64000.0,6.63
1998-04-23,11.5,12.0,10.7,10.7,10.7,13700.0,1.58
1998-04-22,11.85,11.9,11.0,11.45,11.45,6700.0,0.75
1998-04-21,12.0,12.25,11.6,11.7,11.7,11700.0,1.38
1998-04-20,12.75,13.25,11.75,12.25,12.4,35100.0,4.46
1998-04-17,13.7,13.7,12.25,12.9,12.75,38100.0,4.92
1998-04-16,13.9,13.95,13.0,13.25,13.35,46500.0,6.44
1998-04-15,12.65,12.65,12.65,12.65,12.65,1000.0,0.13
1998-04-13,11.0,11.5,11.0,11.5,11.5,6200.0,0.7
1998-04-10,10.2,11.1,10.0,11.1,11.1,15900.0,1.71
1998-04-09,8.9,10.2,8.85,10.2,10.2,7900.0,0.77
1998-04-07,8.85,8.85,8.85,8.85,8.85,800.0,0.07
1998-04-06,8.5,8.85,8.5,8.85,8.85,3200.0,0.27
1998-04-03,8.1,8.5,8.1,8.25,8.25,3900.0,0.32
1998-04-02,8.0,8.25,8.0,8.25,8.1,7200.0,0.58
1998-04-01,7.7,7.7,7.7,7.7,7.7,100.0,0.01
1998-03-31,8.0,8.0,6.8,6.8,6.8,7500.0,0.55
1998-03-30,8.0,8.3,8.0,8.0,8.0,4500.0,0.36
1998-03-27,8.0,8.0,7.9,7.9,7.9,2200.0,0.18
1998-03-26,8.3,8.3,7.9,8.0,8.0,21600.0,1.76
1998-03-25,8.0,8.5,7.9,7.9,7.95,11000.0,0.9
1998-03-24,8.0,8.4,8.0,8.05,8.1,7800.0,0.64
1998-03-20,7.9,7.95,7.85,,,,
